1403638523.327830 0.017948 0.008413 0.288759 -0.050964 0.802860 0.011456 0.593875
1403638523.427830 0.018330 -0.004036 0.254086 -0.049989 0.803827 0.012148 0.592635
1403638523.527829 0.018349 -0.014594 0.213858 -0.045288 0.810991 0.015853 0.583087
1403638523.627830 0.016330 -0.024685 0.171544 -0.038690 0.821648 0.019597 0.568344
1403638523.727829 0.013705 -0.033747 0.135005 -0.034488 0.829054 0.022480 0.557651
1403638523.827830 0.009374 -0.039227 0.101375 -0.032446 0.831825 0.025271 0.553511
1403638523.927830 0.003664 -0.044526 0.070288 -0.025266 0.831706 0.029750 0.553842
1403638524.027829 -0.002377 -0.045892 0.042952 -0.016321 0.833187 0.037302 0.551491
1403638524.127830 -0.007574 -0.053057 0.050966 -0.013347 0.837530 0.045525 0.544327
1403638524.227829 -0.008862 -0.053278 0.088849 -0.018217 0.840823 0.048218 0.538850
1403638524.327830 -0.006430 -0.053686 0.137779 -0.026319 0.839676 0.047679 0.540350
1403638524.427830 -0.000425 -0.052970 0.195918 -0.034852 0.835092 0.045224 0.547140
1403638524.527829 0.007191 -0.051785 0.257219 -0.039810 0.826968 0.044205 0.559092
1403638524.627830 0.016294 -0.049280 0.315578 -0.039915 0.819044 0.040427 0.570911
1403638524.727829 0.025038 -0.045281 0.364088 -0.030520 0.814135 0.035094 0.578810
1403638524.827830 0.031006 -0.040851 0.398146 -0.017877 0.811558 0.029975 0.583229
1403638524.927830 0.034801 -0.036547 0.417861 -0.021894 0.810455 0.029910 0.584627
1403638525.027829 0.036174 -0.033983 0.418043 -0.026202 0.808293 0.033328 0.587252
1403638525.127830 0.037497 -0.032090 0.395122 -0.021849 0.805982 0.037211 0.590365
1403638525.227829 0.038279 -0.031005 0.354736 -0.020421 0.806305 0.042141 0.589644
1403638525.327830 0.035272 -0.034180 0.303773 -0.021713 0.812164 0.047078 0.581121
1403638525.427830 0.032471 -0.034178 0.250087 -0.027072 0.823432 0.050459 0.564518
1403638525.527829 0.027571 -0.034720 0.200479 -0.036315 0.834853 0.051139 0.546887
1403638525.627830 0.024002 -0.036571 0.157457 -0.039815 0.840757 0.049305 0.537690
1403638525.727829 0.022051 -0.037441 0.122925 -0.038134 0.841355 0.045002 0.537254
1403638525.827830 0.021166 -0.038507 0.096913 -0.033699 0.838370 0.039154 0.542648
1403638525.927830 0.018059 -0.041955 0.080346 -0.024683 0.835338 0.036352 0.547978
1403638526.027829 0.014984 -0.056734 0.072192 -0.018575 0.835594 0.036073 0.547847
1403638526.127830 0.010773 -0.081637 0.072866 -0.015787 0.838115 0.029641 0.544459
1403638526.227829 0.007002 -0.115068 0.083627 -0.013552 0.839117 0.020176 0.543408
1403638526.327830 0.000992 -0.153787 0.098076 -0.010403 0.836269 0.011595 0.548098
1403638526.427830 -0.007647 -0.197399 0.112212 -0.008000 0.831387 0.002031 0.555632
1403638526.527829 -0.019247 -0.245404 0.123728 -0.007075 0.826211 -0.009617 0.563234
1403638526.627830 -0.031540 -0.300689 0.131908 -0.004582 0.820650 -0.019174 0.571092
1403638526.727829 -0.046154 -0.362279 0.138271 0.000971 0.816574 -0.026341 0.576639
1403638526.827830 -0.062842 -0.427887 0.142652 0.011510 0.814378 -0.030010 0.579444
1403638526.927830 -0.081942 -0.490884 0.146277 0.016157 0.815548 -0.034122 0.577456
1403638527.027829 -0.099379 -0.550867 0.149706 0.022074 0.819806 -0.043963 0.570524
1403638527.127830 -0.113548 -0.606281 0.154600 0.030127 0.823314 -0.058930 0.563714
1403638527.227829 -0.124251 -0.653121 0.161416 0.038843 0.822591 -0.073586 0.562513
1403638527.327830 -0.129284 -0.686467 0.168866 0.053428 0.817990 -0.085077 0.566392
1403638527.427830 -0.129437 -0.700523 0.174698 0.067439 0.813159 -0.091332 0.570862
1403638527.527829 -0.124015 -0.693137 0.177513 0.073915 0.811075 -0.093982 0.572592
1403638527.627830 -0.111800 -0.662990 0.177149 0.074365 0.811294 -0.093389 0.572320
1403638527.727829 -0.097625 -0.618506 0.176217 0.071192 0.812071 -0.086974 0.572633
1403638527.827830 -0.081026 -0.566210 0.176765 0.061497 0.814690 -0.081222 0.570877
1403638527.927830 -0.064944 -0.508332 0.180593 0.047407 0.817218 -0.076811 0.569216
1403638528.027829 -0.043651 -0.448106 0.183411 0.041309 0.816726 -0.070690 0.571188
1403638528.127830 -0.021483 -0.388548 0.182958 0.032323 0.816118 -0.062570 0.573578
1403638528.227829 0.002036 -0.334163 0.177439 0.021204 0.817524 -0.052803 0.573077
1403638528.327830 0.032088 -0.289763 0.171561 0.009940 0.818519 -0.042318 0.572833
1403638528.427830 0.064969 -0.258001 0.165029 0.007525 0.817223 -0.036533 0.575114
1403638528.527829 0.100794 -0.236182 0.159716 0.009088 0.817942 -0.036288 0.574083
1403638528.627830 0.136255 -0.220341 0.157573 0.007848 0.820057 -0.043220 0.570594
1403638528.727829 0.169068 -0.209889 0.158789 0.009342 0.820063 -0.048646 0.570126
1403638528.827830 0.191368 -0.203044 0.163839 0.010868 0.818929 -0.054476 0.571200
1403638528.927830 0.197614 -0.197116 0.173921 0.004338 0.818041 -0.062116 0.571780
1403638529.027829 0.189290 -0.188608 0.189268 -0.001402 0.818675 -0.066208 0.570427
1403638529.127830 0.165087 -0.175431 0.204165 0.008973 0.819503 -0.062615 0.569573
1403638529.227829 0.133128 -0.156175 0.208886 0.024157 0.820858 -0.055119 0.567953
1403638529.327830 0.097386 -0.134394 0.204143 0.031624 0.824202 -0.049819 0.563214
1403638529.427830 0.062668 -0.116199 0.190163 0.033513 0.831855 -0.046198 0.552051
1403638529.527829 0.034828 -0.100813 0.169248 0.029930 0.842990 -0.044553 0.535245
1403638529.627830 0.016021 -0.086039 0.140244 0.030436 0.850429 -0.040860 0.523617
1403638529.727829 0.003626 -0.079637 0.112887 0.029575 0.850562 -0.038341 0.523641
1403638529.827830 -0.001782 -0.071205 0.089491 0.027837 0.844617 -0.038771 0.533239
1403638529.927830 -0.005814 -0.064240 0.070289 0.027385 0.839721 -0.038901 0.540930
1403638530.027829 -0.004321 -0.059729 0.055090 0.027655 0.839354 -0.039057 0.541474
1403638530.127830 0.005242 -0.058465 0.044184 0.027702 0.841502 -0.041207 0.537967
1403638530.227829 0.019574 -0.059377 0.033853 0.029750 0.842006 -0.046904 0.536601
1403638530.327830 0.033764 -0.062147 0.023474 0.030715 0.841332 -0.052809 0.537055
1403638530.427830 0.046439 -0.066055 0.014598 0.033966 0.840774 -0.056785 0.537327
1403638530.527829 0.056432 -0.070120 0.008080 0.031501 0.840592 -0.060655 0.537339
1403638530.627830 0.062202 -0.074315 0.003063 0.033147 0.841826 -0.063129 0.535018
1403638530.727829 0.065724 -0.076897 -0.002221 0.033346 0.845644 -0.065289 0.528688
1403638530.827830 0.068302 -0.078863 -0.007516 0.033221 0.847695 -0.065849 0.525331
1403638530.927830 0.070023 -0.079679 -0.011198 0.030759 0.846811 -0.065157 0.526991
1403638531.027829 0.070674 -0.079546 -0.013720 0.029260 0.844134 -0.064877 0.531388
1403638531.127830 0.070099 -0.078339 -0.013924 0.031563 0.840542 -0.063470 0.537089
1403638531.227829 0.070673 -0.077056 -0.014556 0.033597 0.840243 -0.060657 0.537758
1403638531.327830 0.070627 -0.075748 -0.015356 0.034393 0.836638 -0.060915 0.543270
1403638531.427830 0.070677 -0.075900 -0.015513 0.035128 0.837471 -0.060375 0.541999
1403638531.527829 0.070352 -0.075947 -0.015430 0.034605 0.836716 -0.060886 0.543141
1403638531.627830 0.070287 -0.076015 -0.015523 0.035100 0.836869 -0.059861 0.542987
1403638531.727829 0.070272 -0.075973 -0.015600 0.035041 0.836994 -0.060358 0.542742
1403638531.827830 0.070303 -0.075954 -0.015632 0.034997 0.836992 -0.060497 0.542733
1403638531.927830 0.070298 -0.075905 -0.015669 0.034861 0.836985 -0.060687 0.542732
1403638532.027829 0.070308 -0.075860 -0.015727 0.034734 0.836988 -0.060825 0.542720
1403638532.127830 0.070348 -0.075867 -0.015748 0.034692 0.836994 -0.060902 0.542705
1403638532.227829 0.070293 -0.075881 -0.015764 0.034850 0.837068 -0.060776 0.542595
1403638532.327830 0.070310 -0.075918 -0.015778 0.034923 0.837056 -0.060737 0.542613
1403638532.427830 0.070291 -0.075942 -0.015791 0.034926 0.837091 -0.060672 0.542565
1403638532.527829 0.070285 -0.075948 -0.015808 0.034886 0.837110 -0.060699 0.542536
1403638532.627830 0.070291 -0.075943 -0.015832 0.034823 0.837134 -0.060722 0.542500
1403638532.727829 0.070276 -0.075917 -0.015852 0.034748 0.837129 -0.060734 0.542512
1403638532.827830 0.070293 -0.075905 -0.015851 0.034665 0.837138 -0.060748 0.542502
1403638532.927830 0.070266 -0.075886 -0.015861 0.034664 0.837158 -0.060679 0.542478
1403638533.027829 0.070267 -0.075893 -0.015860 0.034639 0.837151 -0.060678 0.542491
1403638533.127830 0.070255 -0.075884 -0.015870 0.034536 0.837181 -0.060636 0.542456
1403638533.227829 0.070247 -0.075879 -0.015891 0.034478 0.837176 -0.060618 0.542469
1403638533.327830 0.070255 -0.075866 -0.015893 0.034449 0.837167 -0.060587 0.542488
1403638533.427830 0.070240 -0.075853 -0.015917 0.034285 0.837179 -0.060553 0.542485
1403638533.527829 0.070250 -0.075840 -0.015913 0.034243 0.837170 -0.060521 0.542505
1403638533.627830 0.070248 -0.075845 -0.015908 0.034200 0.837171 -0.060440 0.542515
1403638533.727829 0.070227 -0.075821 -0.015913 0.034155 0.837197 -0.060406 0.542480
1403638533.827830 0.070236 -0.075820 -0.015921 0.034022 0.837152 -0.060406 0.542559
1403638533.927830 0.070236 -0.075807 -0.015928 0.033910 0.837196 -0.060245 0.542517
1403638534.027829 0.070209 -0.075815 -0.015924 0.033921 0.837155 -0.060359 0.542567
1403638534.127830 0.070170 -0.075805 -0.015874 0.033954 0.837203 -0.060457 0.542479
1403638534.227829 0.070163 -0.075778 -0.015866 0.033721 0.837198 -0.060441 0.542503
1403638534.327830 0.070213 -0.075750 -0.015836 0.033446 0.837248 -0.060327 0.542456
1403638534.427830 0.070216 -0.075725 -0.015838 0.033325 0.837308 -0.060307 0.542373
1403638534.527829 0.070245 -0.075765 -0.015830 0.033553 0.837321 -0.060559 0.542310
1403638534.627830 0.070239 -0.075721 -0.015791 0.033344 0.837370 -0.060142 0.542294
1403638534.727829 0.070262 -0.075701 -0.015785 0.033072 0.837382 -0.059828 0.542327
1403638534.827830 0.070258 -0.075685 -0.015784 0.033070 0.837349 -0.059842 0.542375
1403638534.927830 0.070234 -0.075714 -0.015789 0.033269 0.837349 -0.059985 0.542348
1403638535.027829 0.070236 -0.075732 -0.015768 0.033139 0.837367 -0.059901 0.542337
1403638535.127830 0.070238 -0.075717 -0.015753 0.033072 0.837397 -0.059807 0.542306
1403638535.227829 0.070240 -0.075704 -0.015764 0.032862 0.837372 -0.059716 0.542367
1403638535.327830 0.070234 -0.075688 -0.015757 0.032784 0.837386 -0.059688 0.542354
1403638535.427830 0.070239 -0.075647 -0.015736 0.032754 0.837380 -0.059578 0.542376
1403638535.527829 0.070250 -0.075628 -0.015732 0.032634 0.837360 -0.059561 0.542416
1403638535.627830 0.070264 -0.075588 -0.015731 0.032450 0.837370 -0.059392 0.542431
1403638535.727829 0.070267 -0.075572 -0.015725 0.032328 0.837358 -0.059348 0.542461
1403638535.827830 0.070268 -0.075556 -0.015719 0.032165 0.837351 -0.059247 0.542493
1403638535.927830 0.070259 -0.075524 -0.015723 0.032048 0.837360 -0.059210 0.542490
1403638536.027829 0.070264 -0.075520 -0.015713 0.031896 0.837362 -0.059139 0.542504
1403638536.127830 0.070274 -0.075493 -0.015708 0.031765 0.837361 -0.059075 0.542519
1403638536.227829 0.070290 -0.075483 -0.015689 0.031597 0.837350 -0.058992 0.542556
1403638536.327830 0.070288 -0.075462 -0.015706 0.031476 0.837285 -0.058897 0.542673
1403638536.427830 0.070301 -0.075412 -0.015707 0.031271 0.837267 -0.058773 0.542727
1403638536.527829 0.070309 -0.075373 -0.015680 0.030966 0.837276 -0.058546 0.542754
1403638536.627830 0.070315 -0.075299 -0.015682 0.030661 0.837230 -0.058421 0.542856
1403638536.727829 0.070324 -0.075278 -0.015678 0.030546 0.837225 -0.058234 0.542890
1403638536.827830 0.070329 -0.075269 -0.015683 0.030363 0.837215 -0.058155 0.542925
1403638536.927830 0.070337 -0.075224 -0.015679 0.029989 0.837200 -0.057912 0.542994
1403638537.027829 0.070352 -0.075201 -0.015656 0.029885 0.837231 -0.057819 0.542963
1403638537.127830 0.070371 -0.075152 -0.015652 0.029858 0.837210 -0.057669 0.543012
1403638537.227829 0.070387 -0.075097 -0.015637 0.029633 0.837227 -0.057590 0.543007
1403638537.327830 0.070397 -0.075060 -0.015632 0.029413 0.837200 -0.057458 0.543074
1403638537.427830 0.070407 -0.075025 -0.015632 0.029189 0.837192 -0.057307 0.543115
1403638537.527829 0.070422 -0.074978 -0.015610 0.029057 0.837207 -0.057147 0.543116
1403638537.627830 0.070442 -0.074942 -0.015573 0.029025 0.837218 -0.056951 0.543121
1403638537.727829 0.070446 -0.074960 -0.015558 0.028935 0.837269 -0.056903 0.543051
1403638537.827830 0.070450 -0.074905 -0.015541 0.028742 0.837252 -0.056798 0.543099
1403638537.927830 0.070471 -0.074890 -0.015548 0.028630 0.837206 -0.056719 0.543185
1403638538.027829 0.070483 -0.074882 -0.015498 0.028498 0.837286 -0.056644 0.543076
1403638538.127830 0.070487 -0.074846 -0.015488 0.028462 0.837202 -0.056504 0.543221
1403638538.227829 0.070503 -0.074809 -0.015492 0.028349 0.837197 -0.056457 0.543240
1403638538.327830 0.070514 -0.074730 -0.015502 0.027832 0.837219 -0.056046 0.543275
1403638538.427830 0.070603 -0.074665 -0.015438 0.027700 0.837119 -0.055962 0.543445
1403638538.527829 0.070581 -0.074672 -0.015352 0.027525 0.837123 -0.055910 0.543453
1403638538.627830 0.070543 -0.074678 -0.015263 0.027575 0.836947 -0.055922 0.543720
1403638538.727829 0.070522 -0.074708 -0.015137 0.027544 0.836626 -0.055755 0.544234
1403638538.827830 0.071267 -0.074510 -0.014972 0.026925 0.836083 -0.055182 0.545157
1403638538.927830 0.073361 -0.074123 -0.013329 0.026858 0.833195 -0.054366 0.549645
1403638539.027829 0.078284 -0.074161 -0.011049 0.027829 0.828702 -0.054998 0.556286
1403638539.127830 0.085092 -0.074336 -0.006171 0.027536 0.822047 -0.056429 0.565947
1403638539.227829 0.093930 -0.074343 0.004755 0.027250 0.817241 -0.055820 0.572939
1403638539.327830 0.102881 -0.074593 0.023689 0.026640 0.816278 -0.055492 0.574370
1403638539.427830 0.111814 -0.075193 0.049901 0.026468 0.817858 -0.054366 0.572235
1403638539.527829 0.120696 -0.076063 0.081414 0.026110 0.819815 -0.053176 0.569556
1403638539.627830 0.129872 -0.077318 0.112963 0.025241 0.820476 -0.052238 0.568729
1403638539.727829 0.140209 -0.078539 0.134020 0.024591 0.821125 -0.051220 0.567913
1403638539.827830 0.150861 -0.079053 0.144997 0.024413 0.822727 -0.049857 0.565720
1403638539.927830 0.163354 -0.079579 0.152466 0.023029 0.826567 -0.049103 0.560220
1403638540.027829 0.179149 -0.080196 0.159728 0.021545 0.831973 -0.049389 0.552194
1403638540.127830 0.200669 -0.079907 0.165489 0.021218 0.837818 -0.049093 0.543323
1403638540.227829 0.228964 -0.080723 0.173093 0.021666 0.837736 -0.047798 0.543548
1403638540.327830 0.264052 -0.082007 0.182928 0.022344 0.831549 -0.046852 0.553021
1403638540.427830 0.303620 -0.082673 0.191182 0.021626 0.826950 -0.043018 0.560211
1403638540.527829 0.345540 -0.083168 0.197092 0.016091 0.826403 -0.034409 0.561796
1403638540.627830 0.390399 -0.080231 0.203165 0.007419 0.826457 -0.020557 0.562575
1403638540.727829 0.437690 -0.075714 0.209455 0.000446 0.825441 0.000784 0.564487
1403638540.827830 0.487512 -0.074903 0.212507 -0.008837 0.824518 0.027321 0.565107
1403638540.927830 0.537155 -0.065867 0.214623 -0.020708 0.823200 0.055506 0.564652
1403638541.027829 0.587075 -0.051875 0.215562 -0.035768 0.821142 0.078106 0.564221
1403638541.127830 0.637327 -0.033982 0.214385 -0.048146 0.818571 0.094433 0.564541
1403638541.227829 0.688224 -0.012954 0.209073 -0.055823 0.817501 0.105457 0.563431
1403638541.327830 0.739312 0.012157 0.207622 -0.059858 0.816821 0.111385 0.562862
1403638541.427830 0.789184 0.042722 0.211461 -0.062313 0.816896 0.112595 0.562247
1403638541.527829 0.837075 0.077610 0.219923 -0.061120 0.815738 0.113336 0.563906
1403638541.627830 0.887091 0.119038 0.237274 -0.062133 0.814205 0.115560 0.565558
1403638541.727829 0.937104 0.164483 0.259871 -0.069401 0.812293 0.119848 0.566568
1403638541.827830 0.985637 0.215324 0.290967 -0.081623 0.811163 0.126208 0.565176
1403638541.927830 1.031404 0.269086 0.323990 -0.093312 0.809902 0.137701 0.562486
1403638542.027829 1.074469 0.324476 0.349917 -0.106370 0.807885 0.153289 0.559025
1403638542.127830 1.117760 0.380544 0.370873 -0.119759 0.804737 0.172338 0.555298
1403638542.227829 1.160460 0.438409 0.385025 -0.135541 0.800652 0.193057 0.550739
1403638542.327830 1.201588 0.496906 0.394598 -0.149855 0.795256 0.216405 0.546150
1403638542.427830 1.244248 0.555617 0.402259 -0.159901 0.783917 0.236640 0.551278
1403638542.527829 1.285921 0.614276 0.407498 -0.160564 0.770453 0.255537 0.561536
1403638542.627830 1.323240 0.675316 0.411369 -0.157690 0.762225 0.269898 0.566835
1403638542.727829 1.347325 0.739177 0.419157 -0.161727 0.762486 0.274183 0.563279
1403638542.827830 1.373473 0.806328 0.435938 -0.170701 0.767329 0.271081 0.555502
1403638542.927830 1.392105 0.876483 0.458013 -0.176024 0.773200 0.267347 0.547451
1403638543.027829 1.406516 0.947103 0.486299 -0.178280 0.777619 0.264093 0.542014
1403638543.127830 1.426217 1.023484 0.511490 -0.177582 0.780904 0.259196 0.539880
1403638543.227829 1.441126 1.095428 0.533510 -0.176523 0.781997 0.257314 0.539546
1403638543.327830 1.462120 1.174629 0.546929 -0.174530 0.783336 0.253653 0.539986
1403638543.427830 1.487623 1.260260 0.557287 -0.173216 0.783985 0.253494 0.539541
1403638543.527829 1.505468 1.336575 0.565782 -0.177046 0.782343 0.260591 0.537295
1403638543.627830 1.525939 1.422849 0.567812 -0.180786 0.778294 0.275194 0.534644
1403638543.727829 1.542641 1.503822 0.572216 -0.190056 0.771563 0.294533 0.530866
1403638543.827830 1.560234 1.592296 0.581635 -0.199121 0.762209 0.317029 0.528091
1403638543.927830 1.573769 1.678987 0.598313 -0.213397 0.752898 0.337541 0.523137
1403638544.027829 1.588468 1.763669 0.619526 -0.227914 0.746612 0.351851 0.516553
1403638544.127830 1.602936 1.848410 0.641885 -0.239477 0.743294 0.361032 0.509727
1403638544.227829 1.618667 1.933868 0.660773 -0.248747 0.740619 0.365249 0.506163
1403638544.327830 1.635044 2.021254 0.673958 -0.253038 0.738944 0.368368 0.504222
1403638544.427830 1.652457 2.108304 0.681296 -0.254030 0.739593 0.369509 0.501931
1403638544.527829 1.671773 2.196335 0.685556 -0.253084 0.738841 0.369556 0.503478
1403638544.627830 1.689102 2.285903 0.695794 -0.257252 0.733578 0.368873 0.509527
1403638544.727829 1.708417 2.377999 0.710769 -0.260684 0.729101 0.368954 0.514129
1403638544.827830 1.727198 2.470499 0.729650 -0.259377 0.730913 0.370745 0.510919
1403638544.927830 1.744548 2.558519 0.741616 -0.258147 0.733856 0.372110 0.506311
1403638545.027829 1.763116 2.644932 0.746541 -0.259437 0.733306 0.372292 0.506313
1403638545.127830 1.780553 2.732312 0.749304 -0.260279 0.732263 0.372488 0.507246
1403638545.227829 1.799246 2.820467 0.743418 -0.258993 0.732581 0.374140 0.506229
1403638545.327830 1.817796 2.904903 0.732098 -0.259528 0.730494 0.374596 0.508628
1403638545.427830 1.836905 2.998300 0.720779 -0.261320 0.729553 0.373715 0.509706
1403638545.527829 1.856901 3.090633 0.706544 -0.264132 0.728367 0.377091 0.507462
1403638545.627830 1.873576 3.178801 0.700213 -0.271131 0.724946 0.385919 0.502003
1403638545.727829 1.891141 3.261388 0.695437 -0.279414 0.718820 0.400101 0.495120
1403638545.827830 1.909537 3.346671 0.701283 -0.289572 0.708531 0.418625 0.488758
1403638545.927830 1.926206 3.432274 0.713298 -0.299900 0.697087 0.439916 0.480212
1403638546.027829 1.943431 3.518976 0.731833 -0.308362 0.685091 0.460641 0.472623
1403638546.127830 1.962690 3.607985 0.748565 -0.314590 0.674624 0.476826 0.467497
1403638546.227829 1.980838 3.699381 0.758536 -0.321699 0.668370 0.486144 0.462012
1403638546.327830 1.997955 3.791614 0.761640 -0.327674 0.665257 0.490973 0.457175
1403638546.427830 2.013691 3.883553 0.759587 -0.332483 0.664903 0.492135 0.452947
1403638546.527829 2.029398 3.977039 0.753062 -0.333664 0.663883 0.494017 0.451524
1403638546.627830 2.043970 4.072538 0.750507 -0.335731 0.660202 0.499071 0.449828
1403638546.727829 2.058272 4.170351 0.755288 -0.339456 0.655371 0.504952 0.447529
1403638546.827830 2.072214 4.273222 0.770788 -0.340221 0.651119 0.510746 0.446579
1403638546.927830 2.084640 4.377365 0.789331 -0.340331 0.648164 0.514920 0.446000
1403638547.027829 2.096054 4.483597 0.802925 -0.338892 0.645106 0.518827 0.447000
1403638547.127830 2.104087 4.589424 0.808344 -0.335400 0.642464 0.522828 0.448774
1403638547.227829 2.109584 4.696539 0.811097 -0.333413 0.641187 0.524889 0.449673
1403638547.327830 2.112061 4.806615 0.810588 -0.331906 0.640512 0.525595 0.450924
1403638547.427830 2.104596 4.911654 0.801204 -0.337436 0.643562 0.521807 0.446858
1403638547.527829 2.098692 5.023205 0.792630 -0.342180 0.646851 0.517705 0.443259
1403638547.627830 2.084993 5.126023 0.775218 -0.344640 0.648931 0.515175 0.441255
1403638547.727829 2.074117 5.232582 0.757831 -0.343458 0.649120 0.514914 0.442202
1403638547.827830 2.058618 5.338128 0.733158 -0.339450 0.646835 0.517360 0.445778
1403638547.927830 2.044650 5.447286 0.708676 -0.339216 0.646510 0.517421 0.446355
1403638548.027829 2.027633 5.561343 0.690758 -0.340750 0.645846 0.518584 0.444796
1403638548.127830 2.006344 5.679377 0.679379 -0.344359 0.643050 0.522582 0.441374
1403638548.227829 1.987209 5.803594 0.677928 -0.350376 0.637868 0.529338 0.436077
1403638548.327830 1.964701 5.927805 0.683670 -0.358151 0.629998 0.539240 0.429011
1403638548.427830 1.940534 6.053492 0.696895 -0.365285 0.620534 0.551632 0.420960
1403638548.527829 1.918886 6.182563 0.713238 -0.373231 0.612088 0.560423 0.414696
1403638548.627830 1.895361 6.310777 0.724492 -0.378460 0.604928 0.567474 0.410857
1403638548.727829 1.871698 6.439808 0.731596 -0.382166 0.600463 0.572077 0.407579
1403638548.827830 1.854181 6.556035 0.746585 -0.384804 0.597463 0.575457 0.404738
1403638548.927830 1.832027 6.683080 0.764334 -0.386734 0.595814 0.576826 0.403378
1403638549.027829 1.808296 6.811765 0.787102 -0.385836 0.595151 0.578674 0.402570
1403638549.127830 1.786110 6.936116 0.817425 -0.388112 0.595577 0.577266 0.401772
1403638549.227829 1.761769 7.062823 0.852563 -0.388496 0.595638 0.576804 0.401974
1403638549.327830 1.740341 7.186805 0.894893 -0.390119 0.596804 0.575028 0.401216
1403638549.427830 1.716524 7.317750 0.935556 -0.392552 0.598042 0.572506 0.400606
1403638549.527829 1.695181 7.446991 0.973054 -0.393366 0.599284 0.571092 0.399969
1403638549.627830 1.672832 7.579833 1.003450 -0.395269 0.598510 0.569183 0.401969
1403638549.727829 1.652689 7.711682 1.033096 -0.394071 0.597980 0.569131 0.404002
1403638549.827830 1.633505 7.844109 1.064570 -0.394209 0.599640 0.568707 0.402000
1403638549.927830 1.615308 7.979782 1.103779 -0.392242 0.600485 0.569506 0.401531
1403638550.027829 1.598668 8.119969 1.151780 -0.392901 0.601463 0.568869 0.400324
1403638550.127830 1.582746 8.261834 1.206267 -0.393990 0.602366 0.568361 0.398613
1403638550.227829 1.568282 8.403964 1.268343 -0.393796 0.602158 0.569115 0.398043
1403638550.327830 1.555749 8.550752 1.337545 -0.393051 0.601337 0.569927 0.398859
1403638550.427830 1.543054 8.698889 1.402184 -0.395190 0.600879 0.569025 0.398723
1403638550.527829 1.532981 8.844223 1.460958 -0.397689 0.602151 0.567470 0.396530
1403638550.627830 1.524034 8.991934 1.510017 -0.402289 0.601415 0.564357 0.397447
1403638550.727829 1.520303 9.133380 1.558293 -0.406474 0.600192 0.561469 0.399126
1403638550.827830 1.519030 9.273991 1.596727 -0.409938 0.597913 0.558727 0.402834
1403638550.927830 1.522089 9.413641 1.632399 -0.416124 0.593398 0.553953 0.409702
1403638551.027829 1.527208 9.548494 1.663985 -0.421195 0.590299 0.550167 0.414074
1403638551.127830 1.535012 9.676429 1.693668 -0.424346 0.589421 0.547775 0.415278
1403638551.227829 1.547623 9.792891 1.730793 -0.428117 0.589814 0.545796 0.413453
1403638551.327830 1.563727 9.902901 1.769454 -0.425343 0.594252 0.544795 0.411275
1403638551.427830 1.585105 10.013687 1.808928 -0.419431 0.604709 0.538080 0.410943
1403638551.527829 1.614712 10.119354 1.848208 -0.412141 0.619238 0.525140 0.413414
1403638551.627830 1.649156 10.228767 1.880401 -0.405877 0.635536 0.506952 0.417561
1403638551.727829 1.692807 10.328520 1.907919 -0.397820 0.650578 0.488290 0.424334
1403638551.827830 1.746297 10.427076 1.930248 -0.388032 0.663817 0.470235 0.433194
1403638551.927830 1.807538 10.520137 1.951989 -0.375774 0.670505 0.459289 0.445276
1403638552.027829 1.875930 10.601379 1.977878 -0.364965 0.672228 0.453023 0.457909
1403638552.127830 1.948236 10.674800 2.009803 -0.357179 0.675208 0.449154 0.463442
1403638552.227829 2.023424 10.739856 2.046593 -0.352554 0.680126 0.447052 0.461821
1403638552.327830 2.100706 10.797183 2.085555 -0.350517 0.682768 0.445771 0.460710
1403638552.427830 2.181925 10.850238 2.120665 -0.356271 0.681163 0.440789 0.463457
1403638552.527829 2.266648 10.894722 2.151048 -0.363083 0.677578 0.436080 0.467860
1403638552.627830 2.356035 10.933534 2.176289 -0.366593 0.674046 0.434721 0.471476
1403638552.727829 2.445440 10.958086 2.193612 -0.366442 0.673222 0.436647 0.470990
1403638552.827830 2.540970 10.982163 2.206685 -0.365084 0.672111 0.439737 0.470757
1403638552.927830 2.637989 10.991831 2.214818 -0.361316 0.670574 0.445556 0.470384
1403638553.027829 2.736401 10.998056 2.216655 -0.356493 0.668285 0.451625 0.471533
1403638553.127830 2.834906 10.996056 2.216978 -0.356999 0.665267 0.454121 0.473018
1403638553.227829 2.932644 10.991295 2.214165 -0.365128 0.660090 0.450496 0.477510
1403638553.327830 3.029526 10.975453 2.215446 -0.369882 0.654175 0.449118 0.483256
1403638553.427830 3.124181 10.950312 2.222552 -0.367574 0.648949 0.452004 0.489334
1403638553.527829 3.219518 10.917238 2.236141 -0.364290 0.644479 0.455507 0.494422
1403638553.627830 3.312047 10.871490 2.253525 -0.361292 0.641540 0.458233 0.497913
1403638553.727829 3.400464 10.814787 2.278117 -0.359684 0.641204 0.460236 0.497662
1403638553.827830 3.486194 10.749021 2.309040 -0.357508 0.642555 0.462187 0.495676
1403638553.927830 3.562557 10.672886 2.343547 -0.355353 0.644422 0.463438 0.493630
1403638554.027829 3.633386 10.589604 2.372677 -0.355848 0.648895 0.463051 0.487741
1403638554.127830 3.714562 10.509367 2.406163 -0.353499 0.650829 0.464903 0.485103
1403638554.227829 3.793312 10.429824 2.433624 -0.345264 0.655998 0.471111 0.478031
1403638554.327830 3.858730 10.336267 2.448346 -0.338218 0.660564 0.476373 0.471521
1403638554.427830 3.932416 10.254634 2.466071 -0.334550 0.663024 0.479417 0.467585
1403638554.527829 4.000326 10.172763 2.479101 -0.333020 0.663810 0.480823 0.466115
1403638554.627830 4.063322 10.090588 2.488055 -0.335854 0.665612 0.479361 0.463007
1403638554.727829 4.123167 10.003847 2.499142 -0.341566 0.666435 0.475657 0.461462
1403638554.827830 4.184585 9.923785 2.517369 -0.346045 0.667279 0.472977 0.459658
1403638554.927830 4.246368 9.841160 2.538036 -0.349424 0.667492 0.470449 0.459385
1403638555.027829 4.309343 9.757466 2.555413 -0.349763 0.669197 0.466159 0.461018
1403638555.127830 4.375764 9.677498 2.568682 -0.343472 0.673781 0.461267 0.463981
1403638555.227829 4.443900 9.594906 2.575818 -0.337363 0.680564 0.452976 0.466725
1403638555.327830 4.513377 9.508881 2.576964 -0.331433 0.685747 0.446086 0.470011
1403638555.427830 4.582610 9.423083 2.573605 -0.323647 0.687927 0.443117 0.475034
1403638555.527829 4.656133 9.339458 2.571651 -0.320725 0.690002 0.439572 0.477294
1403638555.627830 4.726962 9.255414 2.568252 -0.318372 0.691059 0.438069 0.478719
1403638555.727829 4.796487 9.168849 2.571487 -0.318728 0.692512 0.436661 0.477667
1403638555.827830 4.864728 9.082538 2.588787 -0.317187 0.692904 0.437788 0.477094
1403638555.927830 4.933045 8.994984 2.606961 -0.315794 0.692611 0.439327 0.477028
1403638556.027829 5.003271 8.910742 2.631684 -0.314826 0.691467 0.440660 0.478097
1403638556.127830 5.073589 8.828483 2.656394 -0.313605 0.693453 0.441732 0.475024
1403638556.227829 5.144170 8.748435 2.673834 -0.311520 0.698059 0.442872 0.468543
1403638556.327830 5.214979 8.672993 2.687059 -0.310576 0.700675 0.443463 0.464691
1403638556.427830 5.286484 8.604515 2.697875 -0.309510 0.702680 0.444094 0.461763
1403638556.527829 5.361059 8.538755 2.707435 -0.306742 0.706247 0.445382 0.456901
1403638556.627830 5.438664 8.479233 2.718633 -0.311019 0.709314 0.441525 0.452986
1403638556.727829 5.515556 8.430474 2.732834 -0.318425 0.708909 0.435375 0.454425
1403638556.827830 5.598326 8.376707 2.755250 -0.324586 0.706050 0.431018 0.458651
1403638556.927830 5.686979 8.329297 2.784438 -0.329226 0.704724 0.427561 0.460616
1403638557.027829 5.781126 8.282234 2.811733 -0.330384 0.703469 0.426932 0.462285
1403638557.127830 5.882019 8.232041 2.832057 -0.327979 0.701727 0.429198 0.464540
1403638557.227829 5.986599 8.177322 2.845879 -0.327033 0.700324 0.430335 0.466270
1403638557.327830 6.092611 8.128004 2.854227 -0.325829 0.699494 0.431587 0.467201
1403638557.427830 6.201699 8.078855 2.861349 -0.322422 0.697524 0.434577 0.469731
1403638557.527829 6.313290 8.026166 2.874523 -0.316688 0.694765 0.438957 0.473632
1403638557.627830 6.424709 7.977726 2.891039 -0.313315 0.692610 0.441463 0.476692
1403638557.727829 6.534452 7.932960 2.912192 -0.312147 0.691984 0.442171 0.477711
1403638557.827830 6.642922 7.889293 2.932165 -0.310133 0.691756 0.442987 0.478596
1403638557.927830 6.749215 7.846882 2.945788 -0.307298 0.692055 0.444753 0.478354
1403638558.027829 6.853978 7.804903 2.952471 -0.305729 0.694747 0.445798 0.474468
1403638558.127830 6.959576 7.763905 2.953694 -0.303853 0.699838 0.446715 0.467274
1403638558.227829 7.066328 7.725429 2.957460 -0.301094 0.706062 0.447975 0.458408
1403638558.327830 7.174939 7.692921 2.968600 -0.297038 0.707799 0.450286 0.456105
1403638558.427830 7.282990 7.666865 2.990891 -0.291004 0.710233 0.453844 0.452671
1403638558.527829 7.393034 7.648261 3.019827 -0.287710 0.713416 0.455371 0.448216
1403638558.627830 7.506221 7.638955 3.055940 -0.292633 0.714625 0.451412 0.447106
1403638558.727829 7.621143 7.638944 3.094917 -0.303050 0.715115 0.443512 0.447290
1403638558.827830 7.739558 7.645842 3.129936 -0.308444 0.714573 0.439240 0.448683
1403638558.927830 7.865035 7.654288 3.156395 -0.309234 0.711418 0.438665 0.453686
1403638559.027829 7.989968 7.668883 3.175371 -0.309728 0.706325 0.438559 0.461345
1403638559.127830 8.117205 7.686801 3.187183 -0.310696 0.702557 0.438327 0.466638
1403638559.227829 8.243755 7.707144 3.193101 -0.309629 0.699322 0.439906 0.470703
1403638559.327830 8.369986 7.727608 3.193810 -0.307780 0.697002 0.442001 0.473387
1403638559.427830 8.494815 7.751913 3.185846 -0.303598 0.694413 0.445720 0.476395
1403638559.527829 8.615431 7.776220 3.174556 -0.302185 0.692550 0.447208 0.478605
1403638559.627830 8.733495 7.801476 3.158580 -0.302485 0.690845 0.447816 0.480309
1403638559.727829 8.847195 7.828737 3.143071 -0.302815 0.689958 0.448391 0.480840
1403638559.827830 8.958317 7.856804 3.132555 -0.304103 0.690509 0.448423 0.479204
1403638559.927830 9.066904 7.888466 3.126211 -0.304321 0.691588 0.445866 0.479895
1403638560.027829 9.173672 7.920665 3.116268 -0.301108 0.697403 0.436341 0.482255
1403638560.127830 9.280712 7.951296 3.099769 -0.293653 0.706335 0.420490 0.487900
1403638560.227829 9.386460 7.981775 3.076810 -0.281881 0.716815 0.400773 0.496085
1403638560.327830 9.492037 8.011128 3.051729 -0.269858 0.725700 0.377803 0.507741
1403638560.427830 9.594577 8.039165 3.024503 -0.257808 0.733596 0.353050 0.520315
1403638560.527829 9.694434 8.064783 2.993440 -0.245075 0.741504 0.327427 0.531886
1403638560.627830 9.788629 8.087706 2.957040 -0.234731 0.751585 0.299343 0.538902
1403638560.727829 9.880002 8.105243 2.920967 -0.227376 0.761570 0.271703 0.542668
1403638560.827830 9.967005 8.116898 2.890713 -0.216763 0.768733 0.248547 0.547986
1403638560.927830 10.051444 8.120600 2.867202 -0.206236 0.774212 0.225731 0.554173
1403638561.027829 10.135511 8.118023 2.853083 -0.193027 0.776482 0.205885 0.563407
1403638561.127830 10.215658 8.105375 2.845124 -0.181218 0.778689 0.186549 0.570967
1403638561.227829 10.291214 8.084898 2.843280 -0.171920 0.779588 0.170930 0.577467
1403638561.327830 10.360931 8.056760 2.847420 -0.165606 0.780995 0.160932 0.580278
1403638561.427830 10.425797 8.020756 2.850177 -0.153710 0.787054 0.161246 0.575256
1403638561.527829 10.487006 7.979605 2.848032 -0.141295 0.791582 0.166159 0.570811
1403638561.627830 10.545289 7.936252 2.840152 -0.134649 0.794356 0.169907 0.567450
1403638561.727829 10.599979 7.891665 2.827720 -0.133263 0.795200 0.172367 0.565850
1403638561.827830 10.652096 7.846749 2.809024 -0.131893 0.794684 0.174364 0.566285
1403638561.927830 10.701974 7.799759 2.786825 -0.127682 0.794627 0.173192 0.567688
1403638562.027829 10.749434 7.752955 2.760343 -0.122139 0.795919 0.165740 0.569319
1403638562.127830 10.792512 7.703579 2.742151 -0.114658 0.797807 0.155911 0.571008
1403638562.227829 10.831981 7.655282 2.728426 -0.107586 0.799048 0.147676 0.572834
1403638562.327830 10.868873 7.609194 2.720261 -0.101394 0.800089 0.137759 0.574978
1403638562.427830 10.901487 7.560340 2.718040 -0.094474 0.801326 0.123954 0.577570
1403638562.527829 10.934222 7.511349 2.720689 -0.085495 0.804040 0.106169 0.578738
1403638562.627830 10.963723 7.461462 2.729667 -0.076750 0.805738 0.083673 0.581288
1403638562.727829 10.989403 7.409687 2.741966 -0.067706 0.807847 0.058684 0.582542
1403638562.827830 11.013015 7.355237 2.752583 -0.056326 0.809173 0.033111 0.583927
1403638562.927830 11.031997 7.297509 2.757579 -0.042523 0.810226 0.009126 0.584502
1403638563.027829 11.046973 7.237211 2.757228 -0.030327 0.810073 -0.013752 0.585382
1403638563.127830 11.062584 7.172363 2.750804 -0.023409 0.810126 -0.037691 0.584575
1403638563.227829 11.063965 7.102497 2.742437 -0.009983 0.808084 -0.053554 0.586543
1403638563.327830 11.070922 7.028450 2.728060 -0.000224 0.803425 -0.064166 0.591938
1403638563.427830 11.058814 6.951588 2.710341 0.003905 0.794590 -0.072375 0.602805
1403638563.527829 11.043307 6.872723 2.687333 0.007635 0.792322 -0.075075 0.605418
1403638563.627830 11.019810 6.790114 2.668224 0.011343 0.794982 -0.074388 0.601948
1403638563.727829 10.990013 6.702582 2.656357 0.008939 0.797841 -0.075087 0.598107
1403638563.827830 10.955363 6.608848 2.651606 0.005216 0.799219 -0.075170 0.596298
1403638563.927830 10.915613 6.509375 2.655376 0.002018 0.798644 -0.074077 0.597224
1403638564.027829 10.871728 6.405120 2.660830 -0.001857 0.798320 -0.071828 0.597932
1403638564.127830 10.819900 6.296347 2.660964 -0.005134 0.798230 -0.068461 0.598428
1403638564.227829 10.762626 6.182294 2.656918 -0.005528 0.797589 -0.062987 0.599878
1403638564.327830 10.702097 6.059707 2.655360 -0.003664 0.796660 -0.056480 0.601772
1403638564.427830 10.632569 5.936180 2.659798 -0.003970 0.794763 -0.052521 0.604631
1403638564.527829 10.559245 5.807264 2.671308 -0.005209 0.794865 -0.050179 0.604685
1403638564.627830 10.473854 5.679183 2.683617 -0.009369 0.796998 -0.051092 0.601744
1403638564.727829 10.385822 5.545587 2.693569 -0.014336 0.798371 -0.054343 0.599538
1403638564.827830 10.288307 5.409632 2.695266 -0.017115 0.798537 -0.057427 0.598956
1403638564.927830 10.190045 5.267136 2.686663 -0.019316 0.797707 -0.059881 0.599753
1403638565.027829 10.083955 5.120619 2.660179 -0.020575 0.797679 -0.060880 0.599648
1403638565.127830 9.974388 4.968284 2.617762 -0.021448 0.798337 -0.061519 0.598676
1403638565.227829 9.861817 4.809548 2.563554 -0.021051 0.799199 -0.061087 0.597584
1403638565.327830 9.745006 4.643591 2.505627 -0.018734 0.800111 -0.060199 0.596530
1403638565.427830 9.625112 4.471296 2.446154 -0.016521 0.801003 -0.058855 0.595531
1403638565.527829 9.503235 4.295067 2.389369 -0.011039 0.799001 -0.057119 0.598509
1403638565.627830 9.378934 4.114131 2.341506 -0.002615 0.797512 -0.053566 0.600915
1403638565.727829 9.250633 3.932902 2.300349 0.009438 0.798710 -0.047182 0.599790
1403638565.827830 9.116539 3.752905 2.266919 0.015553 0.801703 -0.044625 0.595851
1403638565.927830 8.976583 3.577109 2.239976 0.021489 0.804081 -0.042647 0.592599
1403638566.027829 8.832794 3.405218 2.210805 0.022214 0.805230 -0.043635 0.590937
1403638566.127830 8.688336 3.236570 2.174066 0.022587 0.805379 -0.044029 0.590691
1403638566.227829 8.542137 3.070351 2.127741 0.022906 0.805071 -0.043811 0.591114
1403638566.327830 8.397049 2.908130 2.072850 0.022228 0.806103 -0.043772 0.589736
1403638566.427830 8.251428 2.749044 2.009885 0.021788 0.805989 -0.042542 0.589998
1403638566.527829 8.105254 2.594986 1.944883 0.019765 0.806335 -0.041963 0.589638
1403638566.627830 7.963698 2.444757 1.865698 0.017672 0.812936 -0.040917 0.580645
1403638566.727829 7.823212 2.299758 1.783466 0.016322 0.825204 -0.040090 0.563173
1403638566.827830 7.689439 2.157320 1.697996 0.016534 0.834887 -0.037157 0.548916
1403638566.927830 7.562525 2.016935 1.610408 0.016104 0.841086 -0.034705 0.539546
1403638567.027829 7.445976 1.880182 1.521733 0.014889 0.840929 -0.033454 0.539905
1403638567.127830 7.336969 1.744416 1.435245 0.016801 0.828398 -0.030816 0.559039
1403638567.227829 7.233967 1.611756 1.343779 0.018610 0.817142 -0.029114 0.575399
1403638567.327830 7.131973 1.482582 1.246419 0.021850 0.811538 -0.027806 0.583228
1403638567.427830 7.028915 1.356903 1.148981 0.024104 0.811073 -0.028084 0.583773
1403638567.527829 6.924391 1.234620 1.057007 0.025706 0.813593 -0.029245 0.580129
1403638567.627830 6.816289 1.114717 0.974038 0.027731 0.817408 -0.030393 0.574589
1403638567.727829 6.711126 1.000237 0.901023 0.030295 0.820550 -0.031081 0.569925
1403638567.827830 6.609605 0.890964 0.836762 0.032179 0.824533 -0.031548 0.564016
1403638567.927830 6.515882 0.787698 0.777459 0.029843 0.825979 -0.034190 0.561871
1403638568.027829 6.424405 0.688166 0.729826 0.031101 0.826654 -0.034372 0.560798
1403638568.127830 6.340674 0.592695 0.689981 0.033904 0.825819 -0.032907 0.561953
1403638568.227829 6.260761 0.502282 0.658158 0.036044 0.825132 -0.031863 0.562887
1403638568.327830 6.184673 0.416109 0.630496 0.036860 0.825281 -0.031900 0.562615
1403638568.427830 6.113154 0.336114 0.597453 0.036997 0.826533 -0.032367 0.560738
1403638568.527829 6.044902 0.259942 0.563472 0.037730 0.827300 -0.031920 0.559582
1403638568.627830 5.979235 0.188885 0.526225 0.038299 0.828895 -0.031579 0.557198
1403638568.727829 5.919539 0.122360 0.485293 0.040017 0.830271 -0.030011 0.555110
1403638568.827830 5.862229 0.061594 0.455423 0.038035 0.830172 -0.031087 0.555338
1403638568.927830 5.812612 0.006060 0.429033 0.039130 0.830133 -0.030476 0.555355
1403638569.027829 5.769876 -0.043825 0.411817 0.039195 0.829256 -0.030530 0.556656
1403638569.127830 5.724978 -0.091151 0.404004 0.040812 0.829362 -0.029391 0.556444
1403638569.227829 5.684899 -0.133274 0.401515 0.042732 0.830859 -0.028552 0.554104
1403638569.327830 5.653227 -0.169161 0.392447 0.043892 0.831576 -0.028377 0.552946
1403638569.427830 5.622210 -0.202870 0.381524 0.044828 0.830591 -0.027854 0.554376
1403638569.527829 5.600821 -0.228870 0.363012 0.044946 0.829377 -0.027568 0.556196
1403638569.627830 5.584051 -0.249650 0.345452 0.044547 0.827976 -0.028188 0.558280
1403638569.727829 5.569979 -0.264605 0.335596 0.045385 0.827060 -0.027911 0.559583
1403638569.827830 5.561151 -0.272900 0.332193 0.045395 0.826443 -0.027470 0.560514
1403638569.927830 5.556899 -0.276082 0.334329 0.046543 0.824642 -0.026796 0.563100
1403638570.027829 5.555483 -0.274245 0.337114 0.044408 0.823460 -0.028023 0.564939
1403638570.127830 5.556359 -0.267458 0.335096 0.040905 0.823599 -0.030374 0.564880
1403638570.227829 5.559656 -0.257179 0.327106 0.034853 0.823135 -0.033740 0.565769
1403638570.327830 5.564716 -0.244912 0.313970 0.026071 0.822800 -0.040074 0.566317
1403638570.427830 5.571323 -0.232112 0.296497 0.022431 0.822411 -0.050227 0.566229
1403638570.527829 5.578386 -0.222106 0.273542 0.016176 0.821002 -0.072225 0.566107
1403638570.627830 5.583943 -0.219123 0.244096 0.012085 0.817080 -0.101310 0.567424
1403638570.727829 5.589053 -0.225441 0.212045 0.017675 0.808934 -0.128830 0.573337
1403638570.827830 5.589204 -0.242140 0.178759 0.027248 0.796238 -0.155760 0.583953
1403638570.927830 5.583601 -0.269225 0.142038 0.041472 0.786253 -0.178507 0.590103
1403638571.027829 5.569198 -0.308022 0.100866 0.056524 0.779311 -0.199496 0.591338
1403638571.127830 5.548022 -0.354436 0.056220 0.076759 0.780263 -0.215554 0.582094
1403638571.227829 5.516716 -0.408773 0.018724 0.098127 0.782578 -0.224270 0.572404
1403638571.327830 5.479073 -0.469532 -0.008582 0.116309 0.782957 -0.229039 0.566562
1403638571.427830 5.434948 -0.532595 -0.025887 0.124137 0.780721 -0.235047 0.565524
1403638571.527829 5.385379 -0.598923 -0.035803 0.130094 0.777604 -0.238348 0.567096
1403638571.627830 5.331134 -0.668014 -0.047184 0.136641 0.776202 -0.245201 0.564549
1403638571.727829 5.273710 -0.740099 -0.063859 0.143497 0.775978 -0.256840 0.557942
1403638571.827830 5.213013 -0.815140 -0.085128 0.151618 0.774371 -0.272140 0.550728
1403638571.927830 5.150039 -0.893544 -0.107178 0.158885 0.769302 -0.291362 0.545929
1403638572.027829 5.083926 -0.975896 -0.122326 0.167684 0.762553 -0.310760 0.542054
1403638572.127830 5.014289 -1.062144 -0.128537 0.178614 0.754946 -0.328611 0.538673
1403638572.227829 4.940151 -1.150794 -0.126490 0.195128 0.749207 -0.343325 0.531734
1403638572.327830 4.865048 -1.242426 -0.123125 0.208276 0.744696 -0.361058 0.521236
1403638572.427830 4.789455 -1.338307 -0.123925 0.221740 0.739669 -0.377705 0.510940
1403638572.527829 4.714375 -1.437528 -0.127229 0.234237 0.736060 -0.388221 0.502626
1403638572.627830 4.640878 -1.540400 -0.130928 0.242657 0.732740 -0.394741 0.498387
1403638572.727829 4.569423 -1.647351 -0.130107 0.249648 0.732397 -0.397286 0.493391
1403638572.827830 4.500844 -1.757844 -0.120162 0.255329 0.734538 -0.396439 0.487952
1403638572.927830 4.437135 -1.871143 -0.103497 0.256675 0.736408 -0.395892 0.484862
1403638573.027829 4.378032 -1.988670 -0.086383 0.256966 0.738906 -0.394753 0.481827
1403638573.127830 4.322775 -2.108070 -0.075314 0.255672 0.741128 -0.393188 0.480380
1403638573.227829 4.270826 -2.230446 -0.068646 0.254088 0.742072 -0.391424 0.481203
1403638573.327830 4.225789 -2.355489 -0.061408 0.252588 0.743156 -0.389389 0.481970
1403638573.427830 4.180210 -2.484775 -0.054176 0.253473 0.744200 -0.389721 0.479620
1403638573.527829 4.145468 -2.615486 -0.038927 0.256484 0.744005 -0.389797 0.478258
1403638573.627830 4.113426 -2.747996 -0.015984 0.257758 0.743608 -0.390223 0.477843
1403638573.727829 4.086229 -2.882542 0.012756 0.262068 0.742909 -0.392150 0.475000
1403638573.827830 4.066094 -3.020117 0.044613 0.272946 0.735733 -0.396190 0.476688
1403638573.927830 4.051403 -3.157616 0.072220 0.287232 0.723136 -0.404810 0.480314
1403638574.027829 4.041158 -3.293084 0.093339 0.295132 0.704640 -0.422903 0.487374
1403638574.127830 4.032277 -3.425270 0.108068 0.300943 0.682849 -0.445662 0.494506
1403638574.227829 4.021295 -3.553843 0.117867 0.308344 0.661469 -0.469138 0.497284
1403638574.327830 4.007452 -3.676614 0.123896 0.319144 0.645546 -0.490300 0.490941
1403638574.427830 3.990099 -3.797132 0.124676 0.333000 0.633488 -0.508598 0.478678
1403638574.527829 3.962009 -3.915147 0.125688 0.344515 0.622096 -0.525469 0.467106
1403638574.627830 3.942136 -4.030114 0.130074 0.355394 0.612360 -0.536118 0.459661
1403638574.727829 3.911841 -4.141759 0.142982 0.367561 0.609344 -0.540255 0.449137
1403638574.827830 3.880222 -4.249879 0.162889 0.374087 0.611391 -0.543082 0.437404
1403638574.927830 3.847895 -4.358947 0.180288 0.372634 0.613610 -0.547757 0.429638
1403638575.027829 3.813285 -4.465082 0.191798 0.368601 0.614430 -0.551404 0.427274
1403638575.127830 3.778867 -4.570070 0.195778 0.361234 0.611885 -0.556004 0.431238
1403638575.227829 3.743580 -4.676349 0.197391 0.356960 0.609748 -0.557826 0.435451
1403638575.327830 3.703644 -4.780806 0.192355 0.353322 0.610404 -0.558261 0.436939
1403638575.427830 3.660794 -4.886831 0.182644 0.349764 0.615538 -0.557886 0.433061
1403638575.527829 3.616455 -4.994632 0.172378 0.348299 0.620296 -0.555806 0.430117
1403638575.627830 3.568450 -5.109098 0.165509 0.350321 0.627143 -0.551291 0.424317
1403638575.727829 3.519554 -5.227315 0.166713 0.352637 0.633455 -0.546774 0.418832
1403638575.827830 3.471503 -5.349164 0.176764 0.353318 0.639398 -0.544224 0.412501
1403638575.927830 3.427284 -5.475463 0.198324 0.352368 0.641276 -0.543103 0.411876
1403638576.027829 3.387346 -5.606181 0.228774 0.352556 0.641682 -0.541846 0.412737
1403638576.127830 3.348996 -5.744045 0.264900 0.353303 0.641445 -0.541153 0.413374
1403638576.227829 3.315497 -5.883197 0.302622 0.355778 0.640559 -0.539502 0.414781
1403638576.327830 3.282761 -6.033454 0.334212 0.360441 0.641682 -0.536355 0.413096
1403638576.427830 3.256722 -6.177818 0.360455 0.363851 0.643767 -0.534307 0.409503
1403638576.527829 3.235958 -6.325107 0.381432 0.369233 0.647554 -0.530679 0.403386
1403638576.627830 3.219762 -6.492352 0.393901 0.372592 0.650460 -0.528408 0.398575
1403638576.727829 3.214757 -6.649002 0.403872 0.375874 0.649771 -0.525942 0.399876
1403638576.827830 3.217481 -6.810936 0.409313 0.380822 0.645771 -0.522464 0.406185
1403638576.927830 3.227199 -6.972433 0.409302 0.381040 0.640164 -0.522642 0.414541
1403638577.027829 3.243306 -7.133054 0.405504 0.377060 0.635376 -0.525583 0.421765
1403638577.127830 3.262970 -7.290013 0.406339 0.373896 0.631647 -0.528195 0.426889
1403638577.227829 3.285541 -7.445289 0.414437 0.371644 0.630019 -0.529968 0.429058
1403638577.327830 3.310417 -7.601388 0.430067 0.375413 0.632462 -0.527125 0.425672
1403638577.427830 3.339330 -7.753203 0.453921 0.381483 0.637171 -0.522255 0.419206
1403638577.527829 3.371901 -7.906053 0.478590 0.381765 0.637868 -0.521631 0.418666
1403638577.627830 3.411304 -8.055066 0.498683 0.378965 0.636987 -0.523559 0.420142
1403638577.727829 3.453574 -8.202641 0.510642 0.376565 0.636778 -0.524971 0.420854
1403638577.827830 3.500094 -8.349125 0.514150 0.374189 0.636509 -0.526117 0.421947
1403638577.927830 3.550472 -8.494861 0.515379 0.374088 0.636780 -0.525376 0.422551
1403638578.027829 3.605030 -8.636108 0.516807 0.375057 0.636986 -0.523961 0.423138
1403638578.127830 3.664445 -8.780556 0.528097 0.372533 0.635496 -0.524727 0.426645
1403638578.227829 3.726270 -8.922779 0.543437 0.364659 0.630316 -0.529768 0.434824
1403638578.327830 3.788362 -9.067187 0.562083 0.358723 0.626882 -0.533713 0.439871
1403638578.427830 3.847750 -9.204844 0.576660 0.358611 0.626248 -0.534161 0.440321
1403638578.527829 3.905454 -9.344438 0.585857 0.358637 0.625677 -0.534701 0.440459
1403638578.627830 3.961485 -9.483000 0.590702 0.359802 0.624817 -0.534578 0.440876
1403638578.727829 4.012937 -9.612316 0.592068 0.363735 0.626360 -0.532216 0.438311
1403638578.827830 4.065972 -9.747099 0.589642 0.368882 0.630089 -0.528630 0.432972
1403638578.927830 4.120471 -9.881480 0.585299 0.372972 0.631390 -0.525800 0.431015
1403638579.027829 4.177117 -10.014483 0.584756 0.374757 0.632541 -0.523728 0.430300
1403638579.127830 4.235329 -10.135708 0.592962 0.375289 0.632779 -0.522714 0.430719
1403638579.227829 4.296610 -10.257892 0.609013 0.375142 0.632703 -0.522468 0.431257
1403638579.327830 4.361048 -10.376442 0.628340 0.372091 0.631094 -0.524081 0.434290
1403638579.427830 4.425724 -10.496244 0.647206 0.364553 0.626441 -0.529260 0.441085
1403638579.527829 4.492235 -10.615368 0.659745 0.359764 0.623219 -0.531522 0.446826
1403638579.627830 4.556522 -10.731730 0.667653 0.361844 0.620973 -0.523394 0.457733
1403638579.727829 4.618701 -10.843704 0.670489 0.363170 0.626940 -0.507306 0.466578
1403638579.827830 4.679261 -10.947278 0.667074 0.356744 0.642563 -0.487466 0.471406
1403638579.927830 4.738734 -11.044515 0.656203 0.342389 0.663651 -0.464635 0.475870
1403638580.027829 4.800930 -11.140284 0.642092 0.326268 0.681562 -0.435094 0.489607
1403638580.127830 4.860780 -11.223709 0.626725 0.309800 0.695071 -0.398843 0.511688
1403638580.227829 4.921452 -11.302520 0.607086 0.286584 0.711370 -0.362409 0.529605
1403638580.327830 4.978333 -11.371788 0.581489 0.257777 0.729289 -0.331157 0.540393
1403638580.427830 5.029727 -11.434521 0.551020 0.227643 0.743265 -0.310914 0.546871
1403638580.527829 5.075716 -11.493862 0.518089 0.206466 0.752043 -0.296711 0.551149
1403638580.627830 5.117680 -11.550806 0.484463 0.190330 0.760485 -0.283090 0.552538
1403638580.727829 5.155986 -11.605631 0.454220 0.176632 0.771591 -0.267574 0.549412
1403638580.827830 5.191075 -11.659609 0.433672 0.169504 0.779848 -0.254839 0.546042
1403638580.927830 5.224207 -11.712186 0.422172 0.165456 0.784206 -0.246821 0.544724
1403638581.027829 5.258418 -11.763813 0.420400 0.161289 0.785376 -0.244981 0.545118
1403638581.127830 5.291510 -11.815733 0.426714 0.162333 0.785866 -0.243218 0.544893
1403638581.227829 5.327043 -11.864110 0.440438 0.165227 0.785984 -0.242914 0.543987
1403638581.327830 5.357704 -11.911651 0.451428 0.169117 0.785593 -0.243567 0.543063
1403638581.427830 5.389737 -11.953491 0.467924 0.172711 0.783700 -0.244756 0.544132
1403638581.527829 5.417845 -11.993822 0.485800 0.175280 0.782390 -0.247029 0.544169
1403638581.627830 5.449240 -12.028300 0.513523 0.179438 0.779957 -0.248273 0.545737
1403638581.727829 5.477405 -12.061404 0.531837 0.184130 0.775315 -0.248039 0.550872
1403638581.827830 5.505326 -12.085525 0.552760 0.186058 0.773559 -0.249527 0.552019
1403638581.927830 5.529606 -12.102571 0.571114 0.189542 0.766812 -0.249051 0.560399
1403638582.027829 5.550350 -12.118248 0.576866 0.191876 0.763338 -0.248225 0.564697
1403638582.127830 5.570704 -12.128255 0.590059 0.189747 0.769596 -0.250766 0.555728
1403638582.227829 5.590364 -12.140621 0.607338 0.186749 0.775595 -0.253223 0.547225
1403638582.327830 5.611685 -12.152977 0.635932 0.188881 0.774129 -0.251380 0.549414
1403638582.427830 5.637737 -12.164726 0.675488 0.190593 0.771680 -0.249905 0.552930
1403638582.527829 5.662128 -12.173002 0.723941 0.191675 0.770575 -0.248888 0.554554
1403638582.627830 5.688413 -12.182213 0.780426 0.192229 0.770475 -0.248376 0.554731
1403638582.727829 5.712216 -12.183312 0.849125 0.191312 0.773030 -0.249368 0.551035
1403638582.827830 5.738908 -12.187011 0.918316 0.190703 0.774364 -0.250314 0.548941
1403638582.927830 5.762334 -12.180453 0.989759 0.190384 0.775616 -0.251494 0.546740
1403638583.027829 5.784729 -12.170393 1.052400 0.189392 0.778318 -0.253133 0.542471
1403638583.127830 5.806545 -12.156938 1.107122 0.188824 0.780344 -0.254345 0.539182
1403638583.227829 5.830238 -12.141033 1.154053 0.187895 0.781326 -0.255828 0.537379
1403638583.327830 5.855903 -12.123171 1.195639 0.188397 0.781209 -0.255691 0.537440
1403638583.427830 5.883430 -12.104757 1.225134 0.188070 0.781508 -0.255854 0.537041
1403638583.527829 5.911430 -12.085309 1.265000 0.187762 0.782083 -0.255948 0.536267
1403638583.627830 5.941288 -12.063874 1.313020 0.188576 0.781992 -0.255376 0.536386
1403638583.727829 5.969490 -12.038408 1.365074 0.189813 0.781887 -0.254588 0.536478
1403638583.827830 6.000969 -12.014077 1.414461 0.190357 0.781729 -0.254009 0.536790
1403638583.927830 6.038101 -11.983691 1.442427 0.190130 0.780908 -0.253869 0.538130
1403638584.027829 6.074364 -11.950804 1.472387 0.191284 0.780217 -0.253109 0.539080
1403638584.127830 6.111726 -11.916581 1.502937 0.195897 0.773340 -0.249663 0.548851
1403638584.227829 6.148364 -11.870695 1.508610 0.200545 0.763679 -0.245707 0.562320
1403638584.327830 6.177417 -11.821878 1.505897 0.202151 0.757812 -0.244207 0.570280
1403638584.427830 6.195601 -11.764263 1.493449 0.202032 0.756826 -0.244072 0.571688
1403638584.527829 6.205003 -11.704268 1.475450 0.201369 0.756306 -0.244270 0.572524
1403638584.627830 6.220071 -11.641308 1.484713 0.200978 0.757516 -0.244078 0.571142
1403638584.727829 6.230672 -11.572135 1.500168 0.198689 0.761155 -0.245282 0.566571
1403638584.827830 6.231392 -11.492859 1.501940 0.193912 0.769129 -0.248600 0.555911
1403638584.927830 6.237964 -11.414886 1.524922 0.188622 0.775123 -0.252834 0.547431
1403638585.027829 6.241170 -11.330726 1.527354 0.186859 0.777847 -0.254253 0.543501
1403638585.127830 6.227558 -11.251927 1.506002 0.185370 0.777947 -0.255387 0.543336
1403638585.227829 6.226640 -11.174352 1.502406 0.185255 0.776842 -0.255520 0.544892
1403638585.327830 6.221766 -11.096006 1.490610 0.186337 0.774492 -0.254357 0.548401
1403638585.427830 6.224008 -11.017100 1.482345 0.186089 0.773947 -0.254127 0.549360
1403638585.527829 6.217264 -10.940915 1.468619 0.186088 0.774945 -0.253852 0.548079
1403638585.627830 6.221474 -10.863067 1.472239 0.185099 0.777029 -0.253977 0.545399
1403638585.727829 6.215777 -10.785502 1.478739 0.183466 0.780978 -0.254724 0.539934
1403638585.827830 6.222299 -10.707691 1.498953 0.180442 0.785655 -0.256892 0.533097
1403638585.927830 6.224443 -10.633359 1.525290 0.177114 0.787947 -0.259412 0.529599
1403638586.027829 6.232140 -10.552917 1.559550 0.177402 0.785125 -0.259783 0.533498
1403638586.127830 6.249519 -10.478963 1.589404 0.179853 0.781401 -0.259458 0.538281
1403638586.227829 6.258870 -10.403795 1.612859 0.181746 0.779003 -0.258373 0.541633
1403638586.327830 6.275142 -10.329617 1.631154 0.185197 0.775830 -0.256542 0.545872
1403638586.427830 6.282829 -10.251788 1.644612 0.193033 0.773205 -0.251621 0.549162
1403638586.527829 6.298371 -10.172863 1.653674 0.199739 0.772245 -0.247480 0.549995
1403638586.627830 6.302166 -10.088053 1.655014 0.197183 0.772674 -0.249318 0.549486
1403638586.727829 6.315952 -10.003281 1.651489 0.193717 0.772608 -0.251917 0.549625
1403638586.827830 6.328960 -9.912987 1.642321 0.190711 0.771707 -0.253921 0.551019
1403638586.927830 6.332952 -9.824629 1.625661 0.190641 0.771042 -0.253411 0.552207
1403638587.027829 6.344117 -9.737679 1.604611 0.189833 0.770867 -0.253711 0.552593
1403638587.127830 6.348538 -9.648168 1.585832 0.189033 0.770998 -0.254301 0.552413
1403638587.227829 6.356867 -9.558661 1.574762 0.188727 0.773285 -0.253804 0.549541
1403638587.327830 6.361452 -9.467868 1.571350 0.188317 0.774827 -0.254352 0.547252
1403638587.427830 6.367704 -9.373811 1.573327 0.186859 0.775425 -0.255330 0.546449
1403638587.527829 6.374057 -9.278027 1.572809 0.185632 0.775119 -0.256343 0.546827
1403638587.627830 6.381274 -9.183245 1.569895 0.184678 0.775039 -0.257609 0.546669
1403638587.727829 6.389344 -9.088053 1.559535 0.185021 0.774862 -0.257620 0.546798
1403638587.827830 6.396206 -8.992766 1.546630 0.184324 0.774348 -0.258839 0.547186
1403638587.927830 6.405413 -8.900249 1.526920 0.184019 0.773952 -0.259357 0.547604
1403638588.027829 6.411245 -8.806985 1.505079 0.183881 0.773279 -0.259404 0.548577
1403638588.127830 6.417611 -8.719166 1.477529 0.187109 0.773665 -0.257146 0.548005
1403638588.227829 6.420640 -8.627044 1.449629 0.193405 0.774640 -0.252498 0.546601
1403638588.327830 6.427505 -8.534524 1.423589 0.194107 0.775282 -0.251598 0.545856
1403638588.427830 6.433343 -8.440498 1.408346 0.193916 0.775179 -0.251481 0.546124
1403638588.527829 6.442397 -8.343422 1.398312 0.191749 0.774911 -0.252940 0.546595
1403638588.627830 6.448992 -8.241916 1.398609 0.189500 0.774234 -0.254162 0.547771
1403638588.727829 6.455632 -8.137696 1.404798 0.186903 0.772513 -0.256133 0.550170
1403638588.827830 6.460068 -8.032904 1.413708 0.186139 0.771842 -0.256919 0.551003
1403638588.927830 6.466261 -7.934807 1.417432 0.184826 0.771629 -0.258460 0.551023
1403638589.027829 6.466284 -7.831900 1.411919 0.184706 0.771580 -0.259176 0.550795
1403638589.127830 6.473400 -7.733631 1.402775 0.186186 0.771834 -0.258791 0.550122
1403638589.227829 6.471993 -7.629359 1.385528 0.186324 0.771477 -0.258728 0.550605
1403638589.327830 6.476874 -7.532116 1.369296 0.186520 0.770855 -0.258856 0.551349
1403638589.427830 6.474699 -7.426287 1.351571 0.185921 0.770892 -0.259108 0.551382
1403638589.527829 6.477322 -7.325584 1.342942 0.185736 0.771298 -0.259186 0.550839
1403638589.627830 6.473288 -7.219741 1.338618 0.186155 0.771117 -0.258969 0.551054
1403638589.727829 6.472730 -7.123209 1.347286 0.185378 0.772902 -0.259774 0.548429
1403638589.827830 6.466190 -7.019912 1.354987 0.184980 0.773692 -0.260729 0.546994
1403638589.927830 6.465269 -6.926263 1.363844 0.186115 0.774219 -0.260779 0.545839
1403638590.027829 6.459603 -6.822961 1.360343 0.185181 0.773732 -0.262228 0.546153
1403638590.127830 6.458000 -6.724921 1.357871 0.185856 0.773199 -0.262543 0.546527
1403638590.227829 6.451929 -6.624081 1.345622 0.186275 0.772343 -0.262827 0.547458
1403638590.327830 6.446982 -6.532558 1.335167 0.186219 0.772049 -0.263027 0.547796
1403638590.427830 6.439745 -6.435693 1.315910 0.186573 0.773070 -0.263277 0.546112
1403638590.527829 6.432297 -6.340923 1.296913 0.185368 0.773109 -0.264085 0.546077
1403638590.627830 6.423094 -6.243564 1.281483 0.184425 0.775129 -0.264607 0.543272
1403638590.727829 6.416778 -6.149040 1.274074 0.182169 0.776134 -0.266011 0.541913
1403638590.827830 6.408968 -6.056387 1.275403 0.182266 0.777190 -0.265786 0.540475
1403638590.927830 6.403431 -5.967520 1.283346 0.181287 0.777718 -0.266484 0.539700
1403638591.027829 6.396075 -5.879917 1.298405 0.180078 0.778453 -0.267694 0.538445
1403638591.127830 6.387136 -5.789150 1.310343 0.179325 0.781048 -0.268459 0.534544
1403638591.227829 6.383007 -5.701399 1.316124 0.177541 0.785964 -0.270261 0.526971
1403638591.327830 6.379919 -5.614954 1.314676 0.174034 0.791530 -0.273016 0.518320
1403638591.427830 6.381103 -5.526599 1.309408 0.171500 0.794626 -0.275284 0.513202
1403638591.527829 6.388535 -5.452584 1.299267 0.168463 0.797115 -0.277678 0.509041
1403638591.627830 6.401896 -5.386600 1.283722 0.166307 0.799122 -0.279150 0.505788
1403638591.727829 6.422276 -5.328703 1.266954 0.166133 0.797972 -0.279793 0.507303
1403638591.827830 6.449936 -5.280163 1.251447 0.167637 0.795589 -0.278588 0.511199
1403638591.927830 6.482398 -5.241876 1.240757 0.168916 0.792994 -0.277102 0.515599
1403638592.027829 6.521066 -5.213234 1.239255 0.169478 0.790368 -0.276458 0.519775
1403638592.127830 6.563867 -5.195387 1.246679 0.169483 0.788893 -0.274979 0.522791
1403638592.227829 6.609845 -5.182200 1.264024 0.165628 0.784310 -0.271474 0.532661
1403638592.327830 6.656331 -5.175963 1.292588 0.158733 0.779763 -0.264550 0.544781
1403638592.427830 6.702679 -5.172148 1.328728 0.147764 0.779602 -0.252778 0.553616
1403638592.527829 6.745526 -5.169437 1.370545 0.137249 0.785110 -0.238307 0.554955
1403638592.627830 6.785132 -5.168469 1.417540 0.130377 0.792765 -0.225279 0.551157
1403638592.727829 6.823265 -5.170341 1.467560 0.124522 0.800158 -0.215964 0.545529
1403638592.827830 6.861421 -5.175963 1.513319 0.119186 0.806614 -0.210593 0.539276
1403638592.927830 6.900679 -5.184300 1.554074 0.117242 0.810174 -0.206343 0.536000
1403638593.027829 6.942181 -5.196657 1.590377 0.116258 0.811622 -0.203809 0.534991
1403638593.127830 6.988874 -5.214810 1.621532 0.115836 0.811710 -0.202744 0.535354
1403638593.227829 7.040514 -5.237605 1.658023 0.118923 0.808334 -0.200722 0.540522
1403638593.327830 7.093655 -5.262098 1.703468 0.127182 0.805793 -0.195975 0.544166
1403638593.427830 7.147991 -5.287868 1.750273 0.137463 0.801287 -0.190379 0.550271
1403638593.527829 7.202583 -5.312150 1.791111 0.142917 0.797580 -0.188443 0.554914
1403638593.627830 7.258447 -5.333627 1.824689 0.146046 0.795638 -0.188212 0.556963
1403638593.727829 7.314689 -5.350780 1.852236 0.148042 0.793714 -0.187901 0.559281
1403638593.827830 7.371843 -5.364801 1.875180 0.147239 0.787380 -0.188812 0.568070
1403638593.927830 7.425291 -5.372761 1.904063 0.141894 0.778189 -0.186453 0.582686
1403638594.027829 7.473002 -5.377149 1.932677 0.134015 0.780683 -0.183714 0.582086
1403638594.127830 7.514142 -5.378406 1.969279 0.128385 0.786688 -0.180877 0.576128
1403638594.227829 7.550515 -5.377995 2.006166 0.128143 0.791621 -0.175989 0.570915
1403638594.327830 7.583909 -5.375604 2.038252 0.128451 0.791951 -0.171729 0.571684
1403638594.427830 7.613864 -5.370414 2.074401 0.132929 0.790674 -0.165366 0.574298
1403638594.527829 7.640636 -5.361076 2.110813 0.131425 0.790392 -0.164129 0.575387
1403638594.627830 7.660378 -5.344165 2.158792 0.125802 0.790840 -0.166669 0.575298
1403638594.727829 7.678595 -5.326996 2.203174 0.122072 0.791309 -0.169660 0.574582
1403638594.827830 7.688002 -5.307329 2.246540 0.120583 0.791570 -0.171369 0.574029
1403638594.927830 7.699969 -5.287464 2.277870 0.120478 0.792394 -0.172435 0.572593
1403638595.027829 7.709738 -5.266164 2.303585 0.119794 0.793879 -0.174119 0.570165
1403638595.127830 7.713072 -5.241732 2.327281 0.119729 0.794736 -0.175346 0.568606
1403638595.227829 7.720084 -5.220517 2.340073 0.120534 0.795194 -0.175725 0.567679
1403638595.327830 7.726182 -5.198200 2.348197 0.120996 0.795276 -0.175997 0.567381
1403638595.427830 7.730601 -5.175128 2.351311 0.120688 0.795090 -0.176880 0.567433
1403638595.527829 7.730950 -5.154269 2.347062 0.120626 0.795688 -0.176886 0.566605
1403638595.627830 7.734851 -5.128825 2.349356 0.121332 0.796296 -0.176253 0.565798
1403638595.727829 7.731155 -5.098875 2.360217 0.125738 0.796784 -0.173405 0.565027
1403638595.827830 7.728852 -5.074033 2.366095 0.128474 0.797635 -0.171835 0.563689
1403638595.927830 7.727160 -5.046775 2.363963 0.129749 0.797384 -0.171298 0.563915
1403638596.027829 7.725672 -5.018148 2.348755 0.133788 0.797201 -0.168648 0.564029
1403638596.127830 7.724415 -4.986071 2.327346 0.144040 0.798449 -0.161824 0.561734
1403638596.227829 7.723502 -4.947742 2.309729 0.155848 0.800580 -0.153226 0.557947
1403638596.327830 7.722059 -4.897745 2.302560 0.166812 0.801780 -0.145238 0.555183
1403638596.427830 7.724411 -4.842174 2.301303 0.173468 0.801806 -0.139696 0.554527
1403638596.527829 7.728689 -4.773195 2.311906 0.180074 0.801659 -0.134157 0.554002
1403638596.627830 7.740139 -4.693115 2.327870 0.187252 0.802247 -0.128329 0.552149
1403638596.727829 7.757397 -4.596814 2.351270 0.193489 0.802950 -0.123458 0.550083
1403638596.827830 7.780187 -4.485184 2.385568 0.197600 0.802646 -0.120129 0.549802
1403638596.927830 7.807093 -4.355783 2.421662 0.199952 0.801663 -0.118168 0.550810
1403638597.027829 7.839806 -4.213595 2.458236 0.201655 0.800666 -0.118309 0.551609
1403638597.127830 7.876111 -4.056078 2.489223 0.204352 0.799082 -0.117402 0.553106
1403638597.227829 7.916807 -3.879807 2.511317 0.204939 0.796857 -0.118739 0.555806
1403638597.327830 7.956989 -3.690937 2.530137 0.201240 0.794721 -0.122334 0.559423
1403638597.427830 8.002985 -3.486426 2.541140 0.195183 0.792554 -0.128032 0.563356
1403638597.527829 8.049734 -3.267958 2.549799 0.183364 0.787920 -0.137012 0.571653
1403638597.627830 8.094810 -3.039882 2.552747 0.174267 0.784409 -0.144381 0.577484
1403638597.727829 8.137595 -2.803599 2.550438 0.173897 0.783556 -0.145003 0.578596
1403638597.827830 8.178565 -2.560302 2.543207 0.179052 0.786312 -0.135280 0.575632
1403638597.927830 8.217040 -2.307985 2.531202 0.183056 0.789158 -0.123979 0.573017
1403638598.027829 8.254632 -2.045117 2.519354 0.180754 0.790230 -0.117479 0.573640
1403638598.127830 8.293911 -1.770224 2.514967 0.165280 0.790685 -0.121437 0.576848
1403638598.227829 8.329640 -1.485886 2.516385 0.144470 0.791535 -0.131089 0.579152
1403638598.327830 8.363396 -1.198478 2.519794 0.130032 0.793957 -0.138446 0.577544
1403638598.427830 8.396222 -0.912120 2.517728 0.122852 0.795911 -0.142019 0.575555
1403638598.527829 8.426638 -0.626832 2.509814 0.118990 0.797572 -0.141905 0.574094
1403638598.627830 8.455811 -0.343839 2.492811 0.114205 0.800914 -0.136927 0.571617
1403638598.727829 8.485024 -0.063230 2.474142 0.108073 0.802936 -0.126688 0.572332
1403638598.827830 8.511770 0.214774 2.459098 0.099214 0.804320 -0.114008 0.574655
1403638598.927830 8.535669 0.490571 2.449354 0.089910 0.807130 -0.098468 0.575118
1403638599.027829 8.555071 0.765162 2.444709 0.077262 0.809219 -0.082825 0.576486
1403638599.127830 8.575406 1.033047 2.443075 0.066389 0.810745 -0.064602 0.578024
1403638599.227829 8.590696 1.301057 2.447504 0.054828 0.812630 -0.046065 0.578364
1403638599.327830 8.604275 1.567640 2.458344 0.041553 0.814994 -0.028009 0.577299
1403638599.427830 8.613822 1.830927 2.476372 0.032082 0.818137 -0.011576 0.574011
1403638599.527829 8.622376 2.095560 2.499005 0.025023 0.820532 -0.000472 0.571052
1403638599.627830 8.630661 2.356418 2.511294 0.019116 0.822243 0.004825 0.568795
1403638599.727829 8.637758 2.615923 2.516583 0.016877 0.823488 0.008031 0.567026
1403638599.827830 8.649029 2.878855 2.512974 0.015910 0.824101 0.007065 0.566175
1403638599.927830 8.662251 3.137543 2.504749 0.013143 0.825256 0.003205 0.564597
1403638600.027829 8.676570 3.389897 2.494658 0.007973 0.824554 -0.003223 0.565718
1403638600.127830 8.699331 3.646261 2.475939 -0.000035 0.826441 -0.012939 0.562875
1403638600.227829 8.722009 3.891437 2.456378 -0.011971 0.829015 -0.024700 0.558552
1403638600.327830 8.747070 4.128422 2.433197 -0.020805 0.830531 -0.034377 0.555521
1403638600.427830 8.774927 4.350336 2.413229 -0.028755 0.831604 -0.042701 0.552978
1403638600.527829 8.808925 4.560223 2.402494 -0.029917 0.832284 -0.045584 0.551661
1403638600.627830 8.847023 4.757108 2.401227 -0.029480 0.833604 -0.047036 0.549566
1403638600.727829 8.888627 4.943343 2.406780 -0.029952 0.835732 -0.048398 0.546179
1403638600.827830 8.934372 5.110323 2.417725 -0.026523 0.839740 -0.045379 0.540439
1403638600.927830 8.986682 5.265907 2.431155 -0.010928 0.843136 -0.033098 0.536569
1403638601.027829 9.047976 5.409384 2.440108 0.002551 0.844234 -0.021975 0.535518
1403638601.127830 9.117541 5.546116 2.443447 0.009205 0.843181 -0.016248 0.537305
1403638601.227829 9.194420 5.679428 2.441827 0.018024 0.840364 -0.008909 0.541649
1403638601.327830 9.277102 5.811963 2.437515 0.024527 0.833106 -0.002263 0.552564
1403638601.427830 9.364834 5.947367 2.433820 0.014177 0.828782 0.000272 0.559393
1403638601.527829 9.454398 6.084406 2.437141 0.002499 0.824752 0.009896 0.565402
1403638601.627830 9.543893 6.221329 2.447141 -0.008566 0.821723 0.026911 0.569187
1403638601.727829 9.632334 6.357628 2.463236 -0.020742 0.819565 0.049999 0.570424
1403638601.827830 9.718353 6.493592 2.487109 -0.034309 0.815691 0.077778 0.572207
1403638601.927830 9.800581 6.628943 2.517207 -0.048525 0.811602 0.105498 0.572553
1403638602.027829 9.881457 6.769071 2.541729 -0.061523 0.809556 0.125623 0.570135
1403638602.127830 9.959886 6.909154 2.559860 -0.069694 0.806737 0.141000 0.569593
1403638602.227829 10.028976 7.047000 2.580678 -0.075467 0.800723 0.158032 0.572864
1403638602.327830 10.096948 7.191076 2.592291 -0.088813 0.792398 0.174285 0.577791
1403638602.427830 10.158499 7.339050 2.609603 -0.120721 0.776759 0.182258 0.590638
1403638602.527829 10.210257 7.484118 2.636333 -0.155980 0.753259 0.187838 0.610727
1403638602.627830 10.247872 7.618432 2.669863 -0.185051 0.736418 0.196163 0.620456
1403638602.727829 10.268873 7.737075 2.707301 -0.200194 0.730484 0.213128 0.617164
1403638602.827830 10.272224 7.839333 2.750770 -0.208475 0.727074 0.234363 0.610718
1403638602.927830 10.259465 7.926553 2.797532 -0.222708 0.725756 0.252435 0.599964
1403638603.027829 10.234819 8.001069 2.842837 -0.244697 0.724611 0.266012 0.586771
1403638603.127830 10.204924 8.061990 2.884477 -0.261611 0.717075 0.280100 0.582157
1403638603.227829 10.167415 8.105757 2.915116 -0.266361 0.716698 0.296070 0.572484
1403638603.327830 10.125019 8.141003 2.936616 -0.260519 0.728959 0.312520 0.550527
1403638603.427830 10.080784 8.169413 2.951053 -0.255015 0.740095 0.323422 0.531625
1403638603.527829 10.036704 8.193966 2.962075 -0.253067 0.743834 0.328517 0.524161
1403638603.627830 9.991938 8.218049 2.970308 -0.257058 0.737962 0.330623 0.529170
1403638603.727829 9.946251 8.234234 2.972398 -0.253795 0.729726 0.335596 0.538947
1403638603.827830 9.896690 8.245484 2.967259 -0.247228 0.721904 0.341052 0.549013
1403638603.927830 9.840367 8.253761 2.954682 -0.240010 0.714845 0.345540 0.558565
1403638604.027829 9.777052 8.257058 2.935141 -0.234448 0.709831 0.348185 0.565634
1403638604.127830 9.703411 8.261722 2.915304 -0.230564 0.706914 0.349733 0.569912
1403638604.227829 9.620213 8.260161 2.901927 -0.233751 0.708264 0.348207 0.567868
1403638604.327830 9.525301 8.257255 2.896636 -0.240586 0.714711 0.344097 0.559377
1403638604.427830 9.422363 8.247357 2.896974 -0.243083 0.722813 0.342674 0.548659
1403638604.527829 9.314869 8.234894 2.905623 -0.240353 0.730123 0.344614 0.538881
1403638604.627830 9.204602 8.220016 2.913311 -0.239471 0.733242 0.345444 0.534489
1403638604.727829 9.093067 8.203715 2.914779 -0.243713 0.735807 0.342755 0.530765
1403638604.827830 8.981221 8.184521 2.913702 -0.247167 0.738039 0.340425 0.527558
1403638604.927830 8.870326 8.163301 2.913987 -0.245803 0.742144 0.341436 0.521751
1403638605.027829 8.761196 8.141432 2.919027 -0.243173 0.749348 0.343398 0.511295
1403638605.127830 8.654286 8.119268 2.932838 -0.240521 0.754741 0.345302 0.503271
1403638605.227829 8.553222 8.099445 2.952805 -0.237605 0.756589 0.347405 0.500427
1403638605.327830 8.457394 8.086583 2.970219 -0.232827 0.755612 0.350718 0.501835
1403638605.427830 8.365533 8.079345 2.983970 -0.225798 0.748065 0.355925 0.512573
1403638605.527829 8.273956 8.075884 2.990396 -0.219451 0.737922 0.360601 0.526573
1403638605.627830 8.179622 8.076388 2.990730 -0.213054 0.730564 0.365169 0.536224
1403638605.727829 8.080159 8.081830 2.989909 -0.210131 0.727327 0.367322 0.540292
1403638605.827830 7.974669 8.091323 2.999422 -0.208665 0.727893 0.368138 0.539541
1403638605.927830 7.862601 8.109883 3.013419 -0.205726 0.727382 0.369647 0.540327
1403638606.027829 7.745752 8.132577 3.033875 -0.201662 0.726712 0.371354 0.541589
1403638606.127830 7.622482 8.163572 3.045041 -0.198730 0.726836 0.372212 0.541917
1403638606.227829 7.492118 8.197489 3.053481 -0.195620 0.727040 0.373625 0.541802
1403638606.327830 7.354100 8.238797 3.050530 -0.196972 0.730962 0.371588 0.537419
1403638606.427830 7.210456 8.285141 3.043608 -0.204166 0.741115 0.365584 0.524799
1403638606.527829 7.064499 8.336874 3.027918 -0.213090 0.751542 0.358505 0.511127
1403638606.627830 6.919459 8.392918 3.008445 -0.218907 0.757543 0.357042 0.500729
1403638606.727829 6.777309 8.456153 2.984538 -0.223191 0.759089 0.363490 0.491777
1403638606.827830 6.641142 8.525715 2.957342 -0.229993 0.756752 0.374663 0.483795
1403638606.927830 6.510550 8.602951 2.932502 -0.239896 0.751004 0.389087 0.476502
1403638607.027829 6.389338 8.688412 2.913969 -0.253396 0.743070 0.404187 0.469330
1403638607.127830 6.275570 8.779826 2.905524 -0.270390 0.735688 0.413932 0.462939
1403638607.227829 6.170757 8.878069 2.903407 -0.284794 0.723131 0.420409 0.468220
1403638607.327830 6.071819 8.978158 2.895559 -0.297557 0.711375 0.422712 0.476151
1403638607.427830 5.976574 9.079343 2.878252 -0.306736 0.704807 0.423456 0.479421
1403638607.527829 5.887666 9.178245 2.851565 -0.311106 0.703883 0.424085 0.477402
1403638607.627830 5.803512 9.273679 2.819575 -0.312288 0.702643 0.425381 0.477305
1403638607.727829 5.724645 9.367507 2.785351 -0.311853 0.700277 0.425826 0.480657
1403638607.827830 5.649631 9.459394 2.747914 -0.311080 0.700908 0.425501 0.480528
1403638607.927830 5.577081 9.547717 2.707769 -0.313514 0.705081 0.421999 0.475906
1403638608.027829 5.510412 9.636132 2.661560 -0.315675 0.706742 0.418353 0.475232
1403638608.127830 5.448878 9.722736 2.611681 -0.313915 0.704115 0.417422 0.481080
1403638608.227829 5.391165 9.803736 2.558016 -0.310225 0.700153 0.418051 0.488651
1403638608.327830 5.336169 9.881086 2.500363 -0.310038 0.695142 0.416698 0.497008
1403638608.427830 5.281938 9.954342 2.437669 -0.310466 0.691583 0.415959 0.502297
1403638608.527829 5.227771 10.019533 2.368211 -0.308896 0.693430 0.416628 0.500159
1403638608.627830 5.173669 10.083342 2.297503 -0.311017 0.692616 0.414267 0.501930
1403638608.727829 5.119232 10.140886 2.232340 -0.314887 0.689774 0.412085 0.505217
1403638608.827830 5.064815 10.189954 2.169960 -0.313338 0.692501 0.413403 0.501357
1403638608.927830 5.010278 10.233514 2.115761 -0.311846 0.696417 0.414678 0.495781
1403638609.027829 4.956217 10.270561 2.068973 -0.312186 0.700099 0.414747 0.490292
1403638609.127830 4.905754 10.310180 2.026836 -0.311055 0.701664 0.415438 0.488184
1403638609.227829 4.858028 10.343011 1.990078 -0.317869 0.701591 0.410588 0.488003
1403638609.327830 4.812197 10.368263 1.949024 -0.321728 0.701940 0.407550 0.487518
1403638609.427830 4.771325 10.392258 1.899994 -0.318600 0.701933 0.409525 0.487927
1403638609.527829 4.731691 10.409933 1.844747 -0.314845 0.702059 0.411659 0.488387
1403638609.627830 4.695413 10.430747 1.782734 -0.312813 0.702128 0.412604 0.488796
1403638609.727829 4.660373 10.443992 1.716997 -0.309729 0.701018 0.414805 0.490488
1403638609.827830 4.628780 10.463326 1.653857 -0.310129 0.702085 0.414511 0.488956
1403638609.927830 4.599494 10.472027 1.601038 -0.310308 0.701685 0.414278 0.489613
1403638610.027829 4.576574 10.482923 1.554862 -0.312613 0.700521 0.412742 0.491109
1403638610.127830 4.552796 10.485944 1.517516 -0.315615 0.697645 0.410514 0.495132
1403638610.227829 4.530826 10.484077 1.479656 -0.316862 0.694860 0.409579 0.499013
1403638610.327830 4.509562 10.477654 1.435404 -0.318049 0.693955 0.408360 0.500514
1403638610.427830 4.489101 10.467376 1.384962 -0.319271 0.693601 0.407165 0.501199
1403638610.527829 4.468473 10.451394 1.329738 -0.318756 0.690658 0.407144 0.505589
1403638610.627830 4.451531 10.436822 1.269862 -0.324097 0.683492 0.403258 0.514959
1403638610.727829 4.428262 10.404166 1.213554 -0.324372 0.684192 0.403501 0.513664
1403638610.827830 4.403318 10.364670 1.162062 -0.321408 0.691560 0.406749 0.502988
1403638610.927830 4.381213 10.321185 1.121294 -0.319892 0.694557 0.409231 0.497784
1403638611.027829 4.361338 10.274314 1.083080 -0.322619 0.693483 0.407474 0.498963
1403638611.127830 4.340872 10.223365 1.039442 -0.325023 0.690800 0.406521 0.501893
1403638611.227829 4.321484 10.164458 0.991938 -0.324822 0.690266 0.407484 0.501976
1403638611.327830 4.301792 10.099167 0.947247 -0.322086 0.689658 0.409835 0.502661
1403638611.427830 4.281028 10.026750 0.909256 -0.311214 0.685171 0.417033 0.509677
1403638611.527829 4.255986 9.951827 0.877783 -0.300324 0.682434 0.424003 0.514112
1403638611.627830 4.224629 9.872566 0.849575 -0.295122 0.684363 0.426500 0.512493
1403638611.727829 4.190259 9.789208 0.825970 -0.297206 0.688476 0.424601 0.507329
1403638611.827830 4.153901 9.704415 0.798401 -0.303833 0.694187 0.419442 0.499858
1403638611.927830 4.118489 9.624298 0.766881 -0.307628 0.698915 0.415819 0.493941
1403638612.027829 4.084231 9.543386 0.732485 -0.309417 0.701561 0.414090 0.490512
1403638612.127830 4.051700 9.462738 0.703853 -0.310871 0.703424 0.412444 0.488306
1403638612.227829 4.020042 9.379876 0.686420 -0.310027 0.704018 0.412547 0.487900
1403638612.327830 3.993215 9.298377 0.672451 -0.309469 0.703666 0.412831 0.488522
1403638612.427830 3.968427 9.215885 0.659395 -0.308609 0.702653 0.412602 0.490713
1403638612.527829 3.945043 9.132919 0.641266 -0.306496 0.700646 0.412545 0.494936
1403638612.627830 3.921172 9.048675 0.616230 -0.301593 0.699015 0.414418 0.498675
1403638612.727829 3.895133 8.962606 0.582447 -0.297240 0.697273 0.415516 0.502797
1403638612.827830 3.870067 8.880066 0.548306 -0.296166 0.696323 0.413905 0.506066
1403638612.927830 3.838351 8.793346 0.513343 -0.297055 0.695852 0.411422 0.508212
1403638613.027829 3.807366 8.708254 0.487591 -0.296991 0.698296 0.410376 0.505738
1403638613.127830 3.773636 8.622877 0.470730 -0.297265 0.699784 0.409468 0.504253
1403638613.227829 3.736797 8.537030 0.458683 -0.297277 0.701515 0.409084 0.502149
1403638613.327830 3.701061 8.451514 0.455215 -0.296306 0.702104 0.409594 0.501483
1403638613.427830 3.662710 8.365299 0.454026 -0.295594 0.701415 0.410082 0.502467
1403638613.527829 3.623924 8.279001 0.447236 -0.296658 0.701252 0.406613 0.504883
1403638613.627830 3.584920 8.193656 0.434716 -0.298482 0.702725 0.400386 0.506732
1403638613.727829 3.543192 8.105400 0.415688 -0.302362 0.701606 0.393741 0.511169
1403638613.827830 3.501430 8.015069 0.388667 -0.302052 0.701968 0.386353 0.516466
1403638613.927830 3.457930 7.917393 0.355662 -0.296695 0.705964 0.377438 0.520699
1403638614.027829 3.415616 7.817649 0.318757 -0.286051 0.712865 0.366570 0.524999
1403638614.127830 3.372288 7.714715 0.278309 -0.273043 0.722084 0.353392 0.528352
1403638614.227829 3.326846 7.606845 0.241177 -0.259480 0.731791 0.339883 0.530690
1403638614.327830 3.278658 7.494916 0.209323 -0.249640 0.739460 0.328468 0.531965
1403638614.427830 3.228260 7.382360 0.185574 -0.244413 0.745073 0.318667 0.532521
1403638614.527829 3.177877 7.272637 0.172190 -0.241446 0.749375 0.310426 0.532707
1403638614.627830 3.127768 7.161884 0.165361 -0.237851 0.753706 0.300262 0.534038
1403638614.727829 3.082957 7.054105 0.169942 -0.235476 0.760994 0.285884 0.532644
1403638614.827830 3.041041 6.945643 0.185579 -0.230392 0.771380 0.268647 0.528887
1403638614.927830 3.003810 6.834746 0.209461 -0.219724 0.781412 0.250825 0.527449
1403638615.027829 2.973860 6.721978 0.238737 -0.205140 0.790066 0.230008 0.529915
1403638615.127830 2.948630 6.603601 0.271673 -0.184519 0.796070 0.208554 0.537337
1403638615.227829 2.927312 6.482041 0.310465 -0.160036 0.797663 0.187467 0.550435
1403638615.327830 2.909583 6.361402 0.348886 -0.137726 0.800203 0.163277 0.560400
1403638615.427830 2.893956 6.242918 0.383605 -0.116788 0.803163 0.137302 0.567836
1403638615.527829 2.878930 6.125655 0.410258 -0.097151 0.806613 0.111777 0.572227
1403638615.627830 2.861608 6.008969 0.430036 -0.081847 0.808663 0.090660 0.575452
1403638615.727829 2.843052 5.893467 0.449890 -0.071700 0.810228 0.075826 0.576750
1403638615.827830 2.823082 5.779126 0.477876 -0.064847 0.811251 0.064910 0.577454
1403638615.927830 2.799780 5.662034 0.509403 -0.059707 0.811979 0.052277 0.578266
1403638616.027829 2.776606 5.547279 0.535681 -0.051554 0.813360 0.040353 0.578066
1403638616.127830 2.752725 5.431200 0.552047 -0.041800 0.814046 0.027726 0.578631
1403638616.227829 2.730747 5.318033 0.551732 -0.032047 0.815191 0.011309 0.578195
1403638616.327830 2.707525 5.199830 0.535059 -0.019706 0.815788 -0.007640 0.577964
1403638616.427830 2.683767 5.081964 0.507360 -0.006861 0.816078 -0.026531 0.577292
1403638616.527829 2.658267 4.963395 0.475034 0.002535 0.816564 -0.042112 0.575711
1403638616.627830 2.630847 4.845574 0.439933 0.010314 0.819248 -0.053125 0.570880
1403638616.727829 2.604107 4.723291 0.401185 0.011641 0.826203 -0.062800 0.559741
1403638616.827830 2.583130 4.603102 0.359564 0.006603 0.833593 -0.072102 0.547613
1403638616.927830 2.568099 4.479483 0.322045 0.006163 0.835630 -0.074932 0.544124
1403638617.027829 2.560162 4.352467 0.295012 0.013297 0.832484 -0.070013 0.549446
1403638617.127830 2.558280 4.221613 0.277090 0.020403 0.828779 -0.063133 0.555628
1403638617.227829 2.559087 4.090203 0.265410 0.023860 0.828725 -0.057480 0.556185
1403638617.327830 2.563684 3.957868 0.257341 0.022961 0.831977 -0.054583 0.551641
1403638617.427830 2.573472 3.826686 0.256158 0.023446 0.836224 -0.050978 0.545509
1403638617.527829 2.589192 3.695933 0.263029 0.023073 0.838070 -0.047669 0.542986
1403638617.627830 2.611740 3.570130 0.279272 0.023032 0.837681 -0.044862 0.543827
1403638617.727829 2.642767 3.450249 0.304977 0.024875 0.836053 -0.040671 0.546573
1403638617.827830 2.679942 3.334730 0.337010 0.025212 0.836002 -0.038070 0.546824
1403638617.927830 2.720845 3.223279 0.376562 0.023841 0.834845 -0.037053 0.548719
1403638618.027829 2.767021 3.112828 0.414401 0.022823 0.834408 -0.035896 0.549504
1403638618.127830 2.815530 3.007285 0.447099 0.020869 0.834511 -0.035472 0.549452
1403638618.227829 2.870235 2.902686 0.472498 0.020339 0.834299 -0.034344 0.549865
1403638618.327830 2.925716 2.800499 0.494077 0.020714 0.833640 -0.032816 0.550943
1403638618.427830 2.986660 2.701410 0.510859 0.020559 0.833568 -0.031792 0.551118
1403638618.527829 3.050947 2.605890 0.527359 0.020002 0.833060 -0.030627 0.551972
1403638618.627830 3.119454 2.511339 0.540139 0.022687 0.832675 -0.032498 0.552342
1403638618.727829 3.191043 2.420527 0.555368 0.026866 0.832403 -0.034713 0.552430
1403638618.827830 3.267267 2.333565 0.575569 0.028229 0.831168 -0.038607 0.553961
1403638618.927830 3.346625 2.250317 0.600670 0.033139 0.828426 -0.043836 0.557397
1403638619.027829 3.428806 2.170359 0.621790 0.041974 0.823786 -0.055016 0.562662
1403638619.127830 3.511673 2.091083 0.634817 0.056034 0.819873 -0.070755 0.565387
1403638619.227829 3.595817 2.014890 0.640001 0.069803 0.815823 -0.092364 0.566594
1403638619.327830 3.679867 1.942153 0.637494 0.085300 0.811689 -0.117184 0.565821
1403638619.427830 3.761970 1.872251 0.627563 0.098616 0.806609 -0.140515 0.565608
1403638619.527829 3.843841 1.805412 0.612644 0.106804 0.802207 -0.158791 0.565546
1403638619.627830 3.926664 1.741028 0.601857 0.109670 0.798896 -0.174297 0.565118
1403638619.727829 4.007078 1.678284 0.581395 0.104172 0.795871 -0.189120 0.565660
1403638619.827830 4.084731 1.610106 0.566581 0.101847 0.792850 -0.198002 0.567285
1403638619.927830 4.158163 1.542992 0.543693 0.102427 0.791193 -0.202996 0.567727
1403638620.027829 4.226180 1.471130 0.522855 0.105064 0.789872 -0.204945 0.568385
1403638620.127830 4.289718 1.397570 0.503818 0.108584 0.787089 -0.204984 0.571561
1403638620.227829 4.345541 1.321166 0.494835 0.111433 0.784813 -0.204410 0.574340
1403638620.327830 4.395206 1.243896 0.489880 0.115428 0.786529 -0.201973 0.572063
1403638620.427830 4.435542 1.166008 0.495284 0.116726 0.787629 -0.200295 0.570875
1403638620.527829 4.474261 1.087465 0.500969 0.117327 0.788944 -0.198164 0.569678
1403638620.627830 4.506873 1.007856 0.504011 0.115367 0.791096 -0.197446 0.567338
1403638620.727829 4.537142 0.929573 0.500895 0.111473 0.794257 -0.198180 0.563431
1403638620.827830 4.564895 0.849840 0.492253 0.110124 0.797308 -0.196808 0.559856
1403638620.927830 4.587340 0.769260 0.482154 0.115108 0.799296 -0.190793 0.558099
1403638621.027829 4.613585 0.687443 0.467252 0.119844 0.798640 -0.184928 0.560011
1403638621.127830 4.634339 0.606502 0.454671 0.120477 0.797582 -0.181802 0.562403
1403638621.227829 4.659109 0.527524 0.448567 0.120227 0.796088 -0.179416 0.565331
1403638621.327830 4.682877 0.449261 0.450210 0.121730 0.796682 -0.176363 0.565133
1403638621.427830 4.705197 0.374267 0.449867 0.121683 0.795529 -0.174283 0.567408
1403638621.527829 4.725215 0.302764 0.443716 0.122672 0.793556 -0.171823 0.570699
1403638621.627830 4.744132 0.234083 0.433666 0.122624 0.791989 -0.170239 0.573355
1403638621.727829 4.757818 0.173831 0.418442 0.122949 0.791136 -0.169215 0.574765
1403638621.827830 4.772103 0.110320 0.399018 0.124359 0.788969 -0.167358 0.577974
1403638621.927830 4.781963 0.050429 0.376706 0.125828 0.785582 -0.165703 0.582727
1403638622.027829 4.788092 -0.005136 0.350900 0.125007 0.784055 -0.165745 0.584944
1403638622.127830 4.788392 -0.045458 0.320330 0.122734 0.784618 -0.167936 0.584045
1403638622.227829 4.779600 -0.076916 0.292780 0.120473 0.784877 -0.169783 0.583633
1403638622.327830 4.768695 -0.112438 0.270506 0.118281 0.784796 -0.171835 0.583590
1403638622.427830 4.752968 -0.147817 0.256925 0.120736 0.785666 -0.171280 0.582078
1403638622.527829 4.729615 -0.172629 0.253373 0.123839 0.785742 -0.170089 0.581672
1403638622.627830 4.705637 -0.203279 0.252985 0.128832 0.784249 -0.167565 0.583333
1403638622.727829 4.674805 -0.224998 0.266774 0.132375 0.776320 -0.165720 0.593583
1403638622.827830 4.639463 -0.240849 0.285876 0.134588 0.766671 -0.165087 0.605679
1403638622.927830 4.597806 -0.249054 0.307953 0.134217 0.766733 -0.166267 0.605361
1403638623.027829 4.547282 -0.251872 0.324774 0.131463 0.772839 -0.169381 0.597283
1403638623.127830 4.488661 -0.251472 0.334596 0.127329 0.778465 -0.173117 0.589754
1403638623.227829 4.421973 -0.244433 0.340218 0.123293 0.781450 -0.176063 0.585778
1403638623.327830 4.351227 -0.236583 0.340707 0.120758 0.784858 -0.177943 0.581164
1403638623.427830 4.278501 -0.230963 0.336461 0.120803 0.787608 -0.178120 0.577368
1403638623.527829 4.201871 -0.223158 0.331039 0.119435 0.788119 -0.178933 0.576703
1403638623.627830 4.122794 -0.215243 0.330802 0.122288 0.787549 -0.177663 0.577276
1403638623.727829 4.038621 -0.206462 0.337580 0.123965 0.788253 -0.177303 0.576067
1403638623.827830 3.951357 -0.195614 0.349867 0.125620 0.789114 -0.177053 0.574604
1403638623.927830 3.860440 -0.182811 0.366239 0.127156 0.790825 -0.177762 0.571688
1403638624.027829 3.767019 -0.169235 0.377116 0.127311 0.791482 -0.178965 0.570368
1403638624.127830 3.672686 -0.152901 0.383448 0.125077 0.791874 -0.181872 0.569398
1403638624.227829 3.578314 -0.136536 0.386122 0.122588 0.791734 -0.184831 0.569181
1403638624.327830 3.485855 -0.121553 0.387712 0.121550 0.791017 -0.186810 0.569754
1403638624.427830 3.388780 -0.104354 0.378909 0.121492 0.790724 -0.188138 0.569736
1403638624.527829 3.291190 -0.088375 0.368294 0.120477 0.787524 -0.190445 0.573604
1403638624.627830 3.196878 -0.075687 0.359142 0.118256 0.777855 -0.192662 0.586377
1403638624.727829 3.091916 -0.059899 0.343604 0.122523 0.780449 -0.185962 0.584213
1403638624.827830 2.991489 -0.047046 0.338165 0.125429 0.787740 -0.176510 0.576695
1403638624.927830 2.881490 -0.027964 0.338638 0.122648 0.792337 -0.171205 0.572581
1403638625.027829 2.772407 -0.011541 0.344621 0.115321 0.793969 -0.169501 0.572349
1403638625.127830 2.665524 0.008723 0.346656 0.107101 0.794993 -0.170122 0.572341
1403638625.227829 2.567918 0.021290 0.346092 0.102882 0.796275 -0.169246 0.571591
1403638625.327830 2.457691 0.038875 0.341403 0.101577 0.796614 -0.167802 0.571779
1403638625.427830 2.356514 0.048859 0.340096 0.101043 0.796562 -0.166580 0.572302
1403638625.527829 2.247337 0.063530 0.342957 0.101008 0.796380 -0.166092 0.572704
1403638625.627830 2.139162 0.075856 0.353115 0.101481 0.797862 -0.165920 0.570604
1403638625.727829 2.036497 0.082905 0.369549 0.100237 0.800821 -0.166769 0.566415
1403638625.827830 1.929551 0.093437 0.382166 0.099357 0.805132 -0.167887 0.560093
1403638625.927830 1.824936 0.099202 0.393621 0.100498 0.806159 -0.167683 0.558470
1403638626.027829 1.724499 0.104432 0.396925 0.100414 0.806883 -0.168787 0.557107
1403638626.127830 1.624261 0.108631 0.395293 0.098704 0.807246 -0.170710 0.556300
1403638626.227829 1.525550 0.111015 0.388997 0.100290 0.807115 -0.170093 0.556396
1403638626.327830 1.431114 0.111865 0.378001 0.106752 0.805268 -0.166199 0.559040
1403638626.427830 1.338208 0.112037 0.365457 0.112462 0.803212 -0.162029 0.562094
1403638626.527829 1.246501 0.112753 0.349080 0.113831 0.804539 -0.160656 0.560312
1403638626.627830 1.153261 0.115966 0.332458 0.112541 0.806570 -0.161468 0.557412
1403638626.727829 1.067148 0.118324 0.319072 0.110722 0.809378 -0.162271 0.553458
1403638626.827830 0.980865 0.120948 0.311694 0.108842 0.812533 -0.163293 0.548889
1403638626.927830 0.904860 0.123384 0.312297 0.108779 0.814798 -0.162868 0.545660
1403638627.027829 0.831464 0.125161 0.314901 0.108099 0.814854 -0.162680 0.545769
1403638627.127830 0.766560 0.126221 0.314940 0.107370 0.814651 -0.162512 0.546264
1403638627.227829 0.706239 0.126054 0.310020 0.106769 0.814554 -0.162309 0.546587
1403638627.327830 0.650961 0.125821 0.302051 0.109401 0.814635 -0.160051 0.546613
1403638627.427830 0.602677 0.125156 0.287701 0.110581 0.814576 -0.159019 0.546764
1403638627.527829 0.559225 0.123864 0.276395 0.110298 0.814237 -0.159309 0.547241
1403638627.627830 0.521839 0.123284 0.262697 0.113625 0.812233 -0.157772 0.549977
1403638627.727829 0.488911 0.123116 0.247399 0.114652 0.809197 -0.157471 0.554308
1403638627.827830 0.469414 0.126391 0.227446 0.115998 0.807905 -0.157248 0.555975
1403638627.927830 0.440074 0.128642 0.211922 0.116751 0.809060 -0.157244 0.554135
1403638628.027829 0.413339 0.131562 0.196819 0.117887 0.810637 -0.157203 0.551596
1403638628.127830 0.389267 0.136704 0.183293 0.118420 0.811584 -0.157756 0.549929
1403638628.227829 0.368970 0.143705 0.170521 0.118793 0.811672 -0.158488 0.549508
1403638628.327830 0.353559 0.152859 0.161093 0.118416 0.812303 -0.159666 0.548313
1403638628.427830 0.340110 0.162036 0.153675 0.115853 0.811907 -0.161713 0.548848
1403638628.527829 0.330214 0.171615 0.149984 0.107706 0.805927 -0.167906 0.557395
1403638628.627830 0.321305 0.180571 0.149078 0.101617 0.799020 -0.172443 0.567013
1403638628.727829 0.330240 0.189345 0.145797 0.099303 0.798467 -0.174271 0.567644
1403638628.827830 0.333271 0.194330 0.138343 0.102936 0.800027 -0.172318 0.565392
1403638628.927830 0.330743 0.196299 0.128144 0.107345 0.800184 -0.169937 0.565070
1403638629.027829 0.325423 0.198137 0.118350 0.112287 0.801286 -0.166535 0.563558
1403638629.127830 0.316423 0.199067 0.109736 0.115659 0.802671 -0.163810 0.561702
1403638629.227829 0.312666 0.211874 0.106871 0.117620 0.803716 -0.162387 0.560211
1403638629.327830 0.303336 0.218664 0.103169 0.118888 0.804528 -0.161787 0.558950
1403638629.427830 0.297992 0.223814 0.101359 0.118312 0.808552 -0.162721 0.552962
1403638629.527829 0.296038 0.232068 0.101131 0.115373 0.813110 -0.165469 0.546042
1403638629.627830 0.299525 0.238307 0.101649 0.108234 0.813250 -0.170887 0.545626
1403638629.727829 0.303920 0.244059 0.103780 0.098227 0.809035 -0.178499 0.551319
1403638629.827830 0.313388 0.245324 0.106576 0.094547 0.802921 -0.181594 0.559824
1403638629.927830 0.319587 0.243337 0.102388 0.099855 0.796846 -0.178716 0.568442
1403638630.027829 0.323948 0.240008 0.088068 0.111009 0.791159 -0.171339 0.576531
1403638630.127830 0.324416 0.237311 0.063505 0.117572 0.791672 -0.166640 0.575902
1403638630.227829 0.321919 0.236049 0.032202 0.120001 0.795805 -0.164655 0.570248
1403638630.327830 0.317767 0.236831 -0.005016 0.122190 0.802483 -0.164385 0.560418
1403638630.427830 0.327331 0.240364 -0.007417 0.107344 0.808554 -0.170978 0.552707
1403638630.527829 0.338166 0.240977 0.000932 0.116771 0.799165 -0.163462 0.566551
1403638630.627830 0.348081 0.242147 -0.011123 0.117584 0.798355 -0.163831 0.567418
1403638630.727829 0.352366 0.240335 -0.029220 0.107242 0.824720 -0.157645 0.532432
1403638630.827830 0.344356 0.236762 -0.033755 0.111637 0.822145 -0.159533 0.534943
1403638630.927830 0.338530 0.238136 -0.038862 0.110654 0.823037 -0.157766 0.534298
1403638631.027829 0.331996 0.238768 -0.042787 0.110113 0.823265 -0.158025 0.533983
1403638631.127830 0.324622 0.239990 -0.047317 0.109687 0.823291 -0.158390 0.533923
1403638631.227829 0.316509 0.241266 -0.051701 0.109872 0.823301 -0.158273 0.533903
1403638631.327830 0.308861 0.242439 -0.055712 0.109886 0.823191 -0.158344 0.534050
1403638631.427830 0.300697 0.243697 -0.059689 0.110105 0.823210 -0.158192 0.534020
1403638631.527829 0.292594 0.244801 -0.063330 0.110129 0.823300 -0.158306 0.533842
1403638631.627830 0.284474 0.245776 -0.066930 0.110360 0.823381 -0.158162 0.533713
